1 8 562
1 40 824
2 26 1849
2 29 1203
2 41 2755
2 42 1591
3 14 1103
3 22 652
3 23 827
3 34 949
3 40 1027
4 2 2012
5 29 893
5 48 304
6 27 365
6 30 260
7 28 267
7 36 331
7 37 899
8 9 718
8 31 1558
8 38 984
9 1 462
9 15 970
9 46 1112
10 26 1131
10 35 1102
10 42 936
10 45 1268
11 12 585
11 13 765
11 47 711
12 15 405
12 20 694
13 23 697
13 25 532
14 13 646
14 25 419
14 34 837
15 33 496
15 40 553
15 46 555
16 1 1004
16 3 950
16 8 1304
17 27 369
17 43 437
17 45 8004
18 7 168
18 36 286
19 6 293
19 17 477
20 21 1430
20 30 1732
20 33 654
20 43 1922
21 13 730
21 32 1240
21 43 3188
21 47 711
22 1 720
22 16 441
23 11 502
23 14 605
23 40 1073
24 10 921
24 45 1628
25 5 1400
25 21 1062
25 39 967
25 48 1339
26 4 320
26 35 1374
27 19 201
27 43 286
28 6 482
28 30 558
28 36 356
28 37 653
29 41 1910
29 42 1500
30 27 373
30 36 734
31 7 915
31 37 1807
31 44 439
31 46 763
32 17 4753
32 24 1687
32 45 3296
33 12 530
33 36 1021
34 5 1590
34 25 1164
34 29 1498
35 4 1426
36 20 1366
37 6 206
37 19 131
38 9 611
38 31 578
39 21 1136
39 32 533
39 48 1000
40 9 675
40 11 931
40 12 790
40 22 1039
41 3 1395
41 16 1240
41 34 1123
42 5 1168
42 24 1272
42 26 1363
43 30 400
43 32 4338
44 7 481
44 18 354
44 46 744
45 35 460
46 18 886
46 33 421
46 36 901
46 38 950
47 12 891
47 13 755
47 20 777
48 24 1638
48 32 1381
48 42 1168
