7 18
7 44
18 44
7 31
44 31
44 46
18 46
31 46
18 36
7 36
46 36
7 37
31 37
7 28
36 28
37 28
37 6
28 6
28 30
36 30
6 30
37 19
6 19
6 27
30 27
19 27
19 17
27 17
27 43
30 43
17 43
30 20
36 20
43 20
36 33
46 33
20 33
31 8
31 38
46 38
8 38
38 9
46 9
8 9
46 15
33 15
9 15
33 12
20 12
15 12
15 40
9 40
12 40
9 1
8 1
40 1
8 16
1 16
1 22
40 22
16 22
22 3
40 3
16 3
16 41
3 41
12 11
40 11
40 23
11 23
12 47
20 47
11 47
11 13
47 13
20 21
47 21
3 23
23 13
13 21
23 14
3 14
13 14
3 34
14 34
13 25
14 25
43 21
41 34
21 25
34 25
43 32
21 32
21 39
25 39
32 39
39 48
25 48
25 5
34 5
48 5
34 29
41 29
5 29
41 2
29 2
29 42
5 42
17 32
32 48
48 42
17 45
32 45
32 24
48 24
2 42
42 24
45 24
24 10
42 10
45 10
42 26
10 26
10 35
45 35
2 26
26 35
2 4
26 4
35 4
