1 8
1 40
2 26
2 29
2 41
2 42
3 14
3 22
3 23
3 34
3 40
4 2
5 29
5 48
6 27
6 30
7 28
7 36
7 37
8 9
8 31
8 38
9 1
9 15
9 46
10 26
10 35
10 42
10 45
11 12
11 13
11 47
12 15
12 20
13 23
13 25
14 13
14 25
14 34
15 33
15 40
15 46
16 1
16 3
16 8
17 27
17 43
17 45
18 7
18 36
19 6
19 17
20 21
20 30
20 33
20 43
21 13
21 32
21 43
21 47
22 1
22 16
23 11
23 14
23 40
24 10
24 45
25 5
25 21
25 39
25 48
26 4
26 35
27 19
27 43
28 6
28 30
28 36
28 37
29 41
29 42
30 27
30 36
31 7
31 37
31 44
31 46
32 17
32 24
32 45
33 12
33 36
34 5
34 25
34 29
35 4
36 20
37 6
37 19
38 9
38 31
39 21
39 32
39 48
40 9
40 11
40 12
40 22
41 3
41 16
41 34
42 5
42 24
42 26
43 30
43 32
44 7
44 18
44 46
45 35
46 18
46 33
46 36
46 38
47 12
47 13
47 20
48 24
48 32
48 42
