1 8 0.0702148926
1 40 0.1029485257
2 26 0.2310094953
2 29 0.1502998501
2 41 0.3442028986
2 42 0.1987756122
3 14 0.1378060970
3 22 0.0814592704
3 23 0.1033233383
3 34 0.1185657171
3 40 0.1283108446
4 2 0.2513743128
5 29 0.1115692154
5 48 0.0379810095
6 27 0.0456021989
6 30 0.0324837581
7 28 0.0333583208
7 36 0.0413543228
7 37 0.1123188406
8 9 0.0897051474
8 31 0.1946526737
8 38 0.1229385307
9 1 0.0577211394
9 15 0.1211894053
9 46 0.1389305347
10 26 0.1413043478
10 35 0.1376811594
10 42 0.1169415292
10 45 0.1584207896
11 12 0.0730884558
11 13 0.0955772114
11 47 0.0888305847
12 15 0.0505997001
12 20 0.0867066467
13 23 0.0870814593
13 25 0.0664667666
14 13 0.0807096452
14 25 0.0523488256
14 34 0.1045727136
15 33 0.0619690155
15 40 0.0690904548
15 46 0.0693403298
16 1 0.1254372814
16 3 0.1186906547
16 8 0.1629185407
17 27 0.0461019490
17 43 0.0545977011
17 45 1.0000000000
18 7 0.0209895052
18 36 0.0357321339
19 6 0.0366066967
19 17 0.0595952024
20 21 0.1786606697
20 30 0.2163918041
20 33 0.0817091454
20 43 0.2401299350
21 13 0.0912043978
21 32 0.1549225387
21 43 0.3983008496
21 47 0.0888305847
22 1 0.0899550225
22 16 0.0550974513
23 11 0.0627186407
23 14 0.0755872064
23 40 0.1340579710
24 10 0.1150674663
24 45 0.2033983008
25 5 0.1749125437
25 21 0.1326836582
25 39 0.1208145927
25 48 0.1672913543
26 4 0.0399800100
26 35 0.1716641679
27 19 0.0251124438
27 43 0.0357321339
28 6 0.0602198901
28 30 0.0697151424
28 36 0.0444777611
28 37 0.0815842079
29 41 0.2386306847
29 42 0.1874062969
30 27 0.0466016992
30 36 0.0917041479
31 7 0.1143178411
31 37 0.2257621189
31 44 0.0548475762
31 46 0.0953273363
32 17 0.5938280860
32 24 0.2107696152
32 45 0.4117941029
33 12 0.0662168916
33 36 0.1275612194
34 5 0.1986506747
34 25 0.1454272864
34 29 0.1871564218
35 4 0.1781609195
36 20 0.1706646677
37 6 0.0257371314
37 19 0.0163668166
38 9 0.0763368316
38 31 0.0722138931
39 21 0.1419290355
39 32 0.0665917041
39 48 0.1249375312
40 9 0.0843328336
40 11 0.1163168416
40 12 0.0987006497
40 22 0.1298100950
41 3 0.1742878561
41 16 0.1549225387
41 34 0.1403048476
42 5 0.1459270365
42 24 0.1589205397
42 26 0.1702898551
43 30 0.0499750125
43 32 0.5419790105
44 7 0.0600949525
44 18 0.0442278861
44 46 0.0929535232
45 35 0.0574712644
46 18 0.1106946527
46 33 0.0525987006
46 36 0.1125687156
46 38 0.1186906547
47 12 0.1113193403
47 13 0.0943278361
47 20 0.0970764618
48 24 0.2046476762
48 32 0.1725387306
48 42 0.1459270365
