1 2
1 41
2 41
1 42
2 42
41 42
42 36
41 36
41 38
36 38
41 39
38 39
41 40
2 40
39 40
39 5
38 5
40 5
38 37
36 37
5 37
37 35
36 35
5 35
40 4
2 4
5 4
36 34
35 34
35 6
5 6
34 6
36 33
34 33
5 7
4 7
6 7
4 3
2 3
7 3
34 31
6 31
34 32
33 32
31 32
6 26
7 26
31 26
7 8
3 8
26 8
31 30
32 30
26 30
32 29
33 29
30 29
30 28
26 28
29 28
33 20
29 20
29 21
28 21
3 9
8 9
8 25
9 25
9 10
3 10
26 25
25 10
25 24
26 24
26 27
28 27
24 27
27 22
28 22
2 10
20 21
21 22
10 24
24 22
21 17
22 17
22 23
24 23
24 11
10 11
23 11
10 12
11 12
2 12
17 23
23 12
23 13
12 13
2 14
12 14
20 17
17 13
13 14
13 16
17 16
14 16
20 19
14 15
16 15
19 15
15 18
16 18
17 19
17 18
19 18
