1 42
2 1
2 3
2 12
2 14
3 8
3 9
4 2
4 3
4 40
5 4
5 6
5 35
5 37
6 7
6 31
7 3
7 4
7 5
7 26
8 7
8 25
9 8
9 10
10 2
10 3
10 11
10 12
10 24
11 12
11 23
12 13
12 14
12 23
13 14
13 23
14 15
15 16
15 18
15 19
16 13
16 14
16 18
17 13
17 16
17 19
17 23
18 17
18 19
19 20
20 17
20 29
20 33
21 17
21 20
21 29
22 17
22 21
23 22
24 11
24 22
24 23
24 27
25 9
25 10
25 24
26 6
26 8
26 24
26 25
26 28
27 22
27 26
28 21
28 22
28 27
28 30
29 28
29 32
30 26
30 29
30 31
31 26
31 32
31 34
32 30
32 33
33 29
33 34
33 36
34 6
34 32
34 35
35 6
35 36
36 34
36 37
36 38
36 41
36 42
37 35
37 38
38 5
38 41
39 5
39 38
39 40
40 2
40 5
41 1
41 2
41 39
41 40
41 42
42 2
