1 42 0.0270270270
2 1 0.0432432432
2 3 0.2432432432
2 12 0.6324324324
2 14 1.0000000000
3 8 0.0810810811
3 9 0.1081081081
4 2 0.2540540541
4 3 0.0486486486
4 40 0.1135135135
5 4 0.0810810811
5 6 0.0918918919
5 35 0.1675675676
5 37 0.1351351351
6 7 0.0324324324
6 31 0.1189189189
7 3 0.0864864865
7 4 0.0918918919
7 5 0.0972972973
7 26 0.1513513514
8 7 0.0540540541
8 25 0.1027027027
9 8 0.0270270270
9 10 0.1081081081
10 2 0.4378378378
10 3 0.2162162162
10 11 0.1243243243
10 12 0.1405405405
10 24 0.1189189189
11 12 0.0594594595
11 23 0.1513513514
12 13 0.2162162162
12 14 0.4108108108
12 23 0.1945945946
13 14 0.1891891892
13 23 0.2324324324
14 15 0.0540540541
15 16 0.1459459459
15 18 0.1891891892
15 19 0.3135135135
16 13 0.1837837838
16 14 0.1675675676
16 18 0.1405405405
17 13 0.1567567568
17 16 0.1135135135
17 19 0.2324324324
17 23 0.1459459459
18 17 0.1675675676
18 19 0.1405405405
19 20 0.1189189189
20 17 0.2270270270
20 29 0.3351351351
20 33 0.4864864865
21 17 0.1945945946
21 20 0.1621621622
21 29 0.2054054054
22 17 0.1621621622
22 21 0.1135135135
23 22 0.0270270270
24 11 0.1243243243
24 22 0.1729729730
24 23 0.1567567568
24 27 0.0486486486
25 9 0.1135135135
25 10 0.0756756757
25 24 0.0432432432
26 6 0.1621621622
26 8 0.1567567568
26 24 0.0648648649
26 25 0.0594594595
26 28 0.1135135135
27 22 0.1729729730
27 26 0.0162162162
28 21 0.1675675676
28 22 0.1945945946
28 27 0.1081081081
28 30 0.1081081081
29 28 0.0648648649
29 32 0.1297297297
30 26 0.1297297297
30 29 0.1081081081
30 31 0.0432432432
31 26 0.1459459459
31 32 0.0648648649
31 34 0.0756756757
32 30 0.0810810811
32 33 0.0594594595
33 29 0.1567567568
33 34 0.1135135135
33 36 0.1783783784
34 6 0.1243243243
34 32 0.0756756757
34 35 0.0486486486
35 6 0.1351351351
35 36 0.0972972973
36 34 0.1351351351
36 37 0.0918918919
36 38 0.1567567568
36 41 0.3837837838
36 42 0.4162162162
37 35 0.0702702703
37 38 0.0648648649
38 5 0.1081081081
38 41 0.2216216216
39 5 0.0972972973
39 38 0.0486486486
39 40 0.0324324324
40 2 0.1783783784
40 5 0.0972972973
41 1 0.0162162162
41 2 0.0594594595
41 39 0.1729729730
41 40 0.1351351351
41 42 0.0324324324
42 2 0.0648648649
