1 42 5
2 1 8
2 3 45
2 12 117
2 14 185
3 8 15
3 9 20
4 2 47
4 3 9
4 40 21
5 4 15
5 6 17
5 35 31
5 37 25
6 7 6
6 31 22
7 3 16
7 4 17
7 5 18
7 26 28
8 7 10
8 25 19
9 8 5
9 10 20
10 2 81
10 3 40
10 11 23
10 12 26
10 24 22
11 12 11
11 23 28
12 13 40
12 14 76
12 23 36
13 14 35
13 23 43
14 15 10
15 16 27
15 18 35
15 19 58
16 13 34
16 14 31
16 18 26
17 13 29
17 16 21
17 19 43
17 23 27
18 17 31
18 19 26
19 20 22
20 17 42
20 29 62
20 33 90
21 17 36
21 20 30
21 29 38
22 17 30
22 21 21
23 22 5
24 11 23
24 22 32
24 23 29
24 27 9
25 9 21
25 10 14
25 24 8
26 6 30
26 8 29
26 24 12
26 25 11
26 28 21
27 22 32
27 26 3
28 21 31
28 22 36
28 27 20
28 30 20
29 28 12
29 32 24
30 26 24
30 29 20
30 31 8
31 26 27
31 32 12
31 34 14
32 30 15
32 33 11
33 29 29
33 34 21
33 36 33
34 6 23
34 32 14
34 35 9
35 6 25
35 36 18
36 34 25
36 37 17
36 38 29
36 41 71
36 42 77
37 35 13
37 38 12
38 5 20
38 41 41
39 5 18
39 38 9
39 40 6
40 2 33
40 5 18
41 1 3
41 2 11
41 39 32
41 40 25
41 42 6
42 2 12
