1 32.71533 -117.15726
2 33.78779 -117.85311
3 31.75872 -106.48693
4 21.30694 -157.85833
5 35.28275 -120.65962
6 37.77493 -122.41942
7 34.05223 -118.24368
8 34.42083 -119.69819
9 40.72816 -74.07764
10 39.29038 -76.61219
11 37.80437 -122.2708
12 38.58157 -121.4944
13 43.15478 -77.61556
14 42.09869 -75.91797
15 39.75895 -84.19161
16 39.96118 -82.99879
17 33.52066 -86.80249
18 35.14953 -90.04898
19 30.22409 -92.01984
20 30.45075 -91.15455
21 29.95465 -90.07507
22 32.29876 -90.18481
23 30.69436 -88.04305
24 32.36681 -86.29997
25 39.96118 -82.99879
26 33.749 -84.38798
27 27.94752 -82.45843
28 38.89511 -77.03637
29 35.7721 -78.63861
30 38.62727 -90.19789
31 32.52515 -93.75018
32 28.53834 -81.37924
33 39.73915 -104.9847
34 35.05266 -78.87836
35 42.65258 -73.75623
36 37.98869 -84.47772
37 39.162 -84.45689
38 34.00071 -81.03481
39 36.16589 -86.78444
40 35.04563 -85.30968
41 34.85262 -82.39401
42 35.22709 -80.84313
43 36.07264 -79.79198
44 39.11417 -94.62746
45 34.74648 -92.28959
46 44.97997 -93.26384
47 36.15398 -95.99278
48 41.85003 -87.65005
49 43.0389 -87.90647
50 38.25424 -85.75941
51 38.34982 -81.63262
52 30.21309 -93.2044
53 27.80058 -97.39638
54 30.33218 -81.65565
55 32.72541 -97.32085
56 36.17497 -115.13722
57 35.37329 -119.01871
58 36.74773 -119.77237
59 29.76328 -95.36327
60 29.42412 -98.49363
61 30.26715 -97.74306
62 32.78306 -96.80667
63 25.77427 -80.19366
64 39.76838 -86.15804
65 26.12231 -80.14338
66 34.94957 -81.93205
67 33.44838 -112.07404
68 32.22174 -110.92648
69 43.6135 -116.20345
70 47.65878 -117.42605
71 47.60621 -122.33207
72 45.52345 -122.67621
73 40.71427 -74.00597
74 38.83388 -104.82136
75 35.222 -101.8313
76 35.08449 -106.65114
