1 2 0.0325971079
1 68 0.1415368006
2 4 1.0000000000
2 7 0.0111953119
3 67 0.1339838561
3 55 0.2093853318
4 11 0.9313095174
5 6 0.0765875755
6 11 0.0032465667
6 8 0.1072084620
7 8 0.0337105040
7 11 0.1329454348
7 55 0.4689303842
7 56 0.0886151260
7 57 0.0391831045
9 10 0.0647024691
10 28 0.0137643738
11 33 0.3645576920
11 71 0.2620039822
11 12 0.0264332467
11 58 0.0603204403
12 72 0.1870149008
13 73 0.0971577679
13 35 0.0770112055
13 14 0.0438121981
13 48 0.2013734773
15 37 0.0168669587
15 16 0.0251464378
16 73 0.1848809419
16 28 0.1267417247
16 64 0.0652426018
17 18 0.0840014333
17 26 0.0542443147
18 39 0.0761240859
18 45 0.0504081125
18 62 0.1629652899
18 26 0.1306156047
18 30 0.0929207821
19 52 0.0274423332
19 21 0.0456785826
20 52 0.0478522865
21 26 0.1643346058
21 22 0.0625867084
21 23 0.0509931015
23 24 0.0598110120
24 25 0.2149489335
25 26 0.1685331516
26 38 0.0749470679
26 41 0.0530882503
26 42 0.0877120774
26 54 0.1102940979
26 64 0.1651589818
26 62 0.2794338325
26 32 0.1551866955
27 65 0.0736383975
27 59 0.3066571193
27 54 0.0663172795
27 32 0.0299611056
28 73 0.0791198231
28 42 0.1273739852
28 48 0.2306229781
28 29 0.0901223756
29 34 0.0199082906
29 43 0.0263007438
30 64 0.0893230557
31 52 0.0629355016
32 65 0.0708203558
33 62 0.2562175672
33 69 0.2472065434
33 46 0.2709002442
33 48 0.3558781272
34 42 0.0433342379
35 73 0.0520422585
36 50 0.0279571207
36 37 0.0313428449
37 64 0.0387708347
38 42 0.0330076846
39 50 0.0599104192
41 42 0.0354862909
42 43 0.0321590780
42 59 0.3587835543
42 62 0.3603707032
44 47 0.0842030218
44 48 0.1599553182
45 62 0.1134912880
46 49 0.1156385996
46 48 0.1376739476
47 62 0.0917573753
48 73 0.2764104024
48 49 0.0321795748
48 62 0.3106799712
48 64 0.0633343567
50 64 0.0412908447
52 59 0.0515422542
55 61 0.0662912762
55 62 0.0116957644
56 67 0.0992112455
56 69 0.1999355251
57 58 0.0401688464
59 60 0.0735264440
59 61 0.0568521033
59 62 0.0870852877
60 61 0.0284638914
61 62 0.0704510188
62 67 0.3430151667
62 74 0.2374615256
63 65 0.0093567142
67 76 0.1278375462
67 68 0.0417103351
69 70 0.1105856598
69 71 0.1568617653
69 72 0.1337953026
70 71 0.0887143574
71 72 0.0560698346
74 76 0.1075183422
