1 2 135.4713718093
1 68 588.2173528923
2 4 4155.9322420842
2 7 46.5269575246
3 67 556.8278274589
3 55 870.1912515922
4 11 3870.4592505795
5 6 318.2927742523
6 11 13.4925111640
6 8 445.5511036583
7 8 140.0985702770
7 11 552.5122190026
7 55 1948.8429027889
7 56 368.2784594394
7 57 162.8423273822
9 10 268.8990774420
10 28 57.2038048313
11 33 1515.0770664817
11 71 1088.8707972882
11 12 109.8547823830
11 58 250.6876625496
12 72 777.2212558209
13 73 403.7811003604
13 35 320.0533519787
13 14 182.0805265232
13 48 836.8945271540
15 37 70.0979373987
15 16 104.5068918300
16 73 768.3526675931
16 28 526.7300202639
16 64 271.1438323012
17 18 349.1042651549
17 26 225.4356962700
18 39 316.3665428493
18 45 209.4926999358
18 62 677.2727026626
18 26 542.8296028943
18 30 386.1724744930
19 52 114.0484773495
19 21 189.8370940908
20 52 198.8708602261
21 26 682.9634868293
21 22 260.1061193014
21 23 211.9238745476
23 24 248.5705130650
24 25 893.3132030033
25 26 700.4123585216
26 38 311.4749357766
26 41 220.6311710006
26 42 364.5254506222
26 54 458.3747975388
26 64 686.3895375937
26 62 1161.3080741548
26 32 644.9453912348
27 65 306.0361904706
27 59 1274.4462093926
27 54 275.6101199013
27 32 124.5163248131
28 73 328.8166240003
28 42 529.3576520980
28 48 958.4534704564
28 29 374.5424866353
29 34 82.7375069509
29 43 109.3041090307
30 64 371.2205670021
31 52 261.5556803558
32 65 294.3246001863
33 62 1064.8228483399
33 69 1027.3736441848
33 46 1125.8430592002
33 48 1479.0053829233
34 42 180.0941566253
35 73 216.2840999938
36 50 116.1878992763
36 37 130.2587395644
37 64 161.1289620070
38 42 137.1777005505
39 50 248.9836429388
41 42 147.4786204816
42 43 133.6509492606
42 59 1491.0801410885
42 62 1497.6762246922
44 47 349.9420531862
44 48 664.7634640050
45 62 471.6621028643
46 49 480.5861845204
46 48 572.1635977802
47 62 381.3374345081
48 73 1148.7429032931
48 49 133.7361322851
48 62 1291.1649091164
48 64 263.2132950280
50 64 171.6019528876
52 59 214.2061161284
55 61 275.5020521080
55 62 48.6068042496
56 67 412.3152138699
56 69 830.9184949694
57 58 166.9390039050
59 60 305.5709193059
59 61 236.2734891726
59 62 361.9205548784
60 61 118.2940039552
61 62 292.7896604157
62 67 1425.5477909138
62 74 986.8740104759
63 65 38.8858702003
67 76 531.2841799958
67 68 173.3453264557
69 70 459.5865091056
69 71 651.9068680345
69 72 556.0442120507
70 71 368.6908582251
71 72 233.0224336220
74 76 446.8389448089
