1 2
1 68
2 4
2 7
3 67
3 55
4 11
5 6
6 11
6 8
7 8
7 11
7 55
7 56
7 57
9 10
10 28
11 33
11 71
11 12
11 58
12 72
13 73
13 35
13 14
13 48
15 37
15 16
16 73
16 28
16 64
17 18
17 26
18 39
18 45
18 62
18 26
18 30
19 52
19 21
20 52
21 26
21 22
21 23
23 24
24 25
25 26
26 38
26 41
26 42
26 54
26 64
26 62
26 32
27 65
27 59
27 54
27 32
28 73
28 42
28 48
28 29
29 34
29 43
30 64
31 52
32 65
33 62
33 69
33 46
33 48
34 42
35 73
36 50
36 37
37 64
38 42
39 50
41 42
42 43
42 59
42 62
44 47
44 48
45 62
46 49
46 48
47 62
48 73
48 49
48 62
48 64
50 64
52 59
55 61
55 62
56 67
56 69
57 58
59 60
59 61
59 62
60 61
61 62
62 67
62 74
63 65
67 76
67 68
69 70
69 71
69 72
70 71
71 72
74 76
