21 22
21 23
23 24
24 25
25 26
21 26
21 19
19 52
52 20
52 31
52 59
26 54
54 27
59 27
26 32
27 32
27 65
32 65
65 63
26 41
41 42
26 42
59 42
26 38
42 38
42 34
34 29
42 43
29 43
29 28
42 28
42 62
26 62
59 62
59 60
59 61
60 61
62 61
61 55
26 17
17 18
26 18
62 18
26 64
18 30
64 30
62 45
18 45
18 39
39 50
64 50
50 36
36 37
64 37
37 15
15 16
28 16
64 16
16 73
28 73
64 48
28 48
28 10
10 9
73 48
73 35
73 13
35 13
48 13
13 14
62 55
62 48
48 44
44 47
62 47
48 49
49 46
48 46
46 33
48 33
62 33
62 74
74 76
62 67
76 67
55 3
67 3
55 7
67 56
7 56
67 68
68 1
1 2
7 2
2 4
56 69
33 69
4 11
33 11
69 70
70 71
69 71
11 71
69 72
71 72
72 12
11 12
7 11
7 57
57 58
11 58
11 6
7 8
6 8
6 5
