191 96 T T
190 96 B T
193 95 191 T
195 95 T 191
199 95 191 190
196 95 B 190
209 94 195 193
203 94 195 196
205 94 T 199
200 94 B 196
219 93 203 200
213 93 203 209
215 93 T 205
216 93 B 200
225 92 215 216
221 92 T 219
229 92 215 213
222 92 B 216
181 91 T T
241 91 225 225
245 91 221 221
233 91 229 229
236 91 222 222
251 90 181 241
246 90 B 241
249 90 225 241
261 90 245 233
257 90 221 236
258 90 B 233
263 90 229 233
264 90 236 233
252 90 B 236
254 90 222 236
295 89 T 251
301 89 249 241
274 89 B 246
297 89 249 246
289 89 257 252
287 89 257 261
280 89 B 258
283 89 263 258
279 89 263 233
292 89 254 236
268 89 254 264
270 89 B 252
272 89 254 252
325 88 295 295
309 88 301 301
328 88 274 274
317 88 297 274
349 88 287 287
345 88 289 287
347 88 289 270
320 88 270 287
355 88 279 279
338 88 280 279
342 88 280 280
351 88 283 279
353 88 283 280
304 88 292 279
332 88 292 292
358 88 268 268
326 88 270 268
336 88 270 270
312 88 272 268
356 88 272 270
403 87 325 320
407 87 309 304
372 87 328 326
405 87 317 312
389 87 349 287
393 87 347 345
396 87 336 320
377 87 355 279
384 87 342 338
381 87 353 351
400 87 332 304
362 87 358 268
370 87 336 326
366 87 356 312
417 86 T 403
411 86 405 407
412 86 B 372
415 86 405 372
426 86 B 384
437 86 393 389
433 86 393 396
428 86 B 396
441 86 381 377
431 86 381 384
420 86 366 400
444 86 366 362
422 86 B 370
424 86 366 370
479 85 T 417
483 85 415 411
454 85 B 412
457 85 415 412
475 85 433 428
462 85 B 426
477 85 431 426
467 85 433 437
468 85 B 428
461 85 431 441
472 85 424 420
450 85 B 422
448 85 424 444
452 85 424 422
491 84 479 467
487 84 483 461
494 84 454 448
511 84 457 448
507 84 475 467
498 84 462 461
505 84 477 461
500 84 468 467
496 84 472 461
502 84 450 448
508 84 452 448
538 83 B 487
573 83 487 487
575 83 491 494
536 83 494 494
534 83 B 494
577 83 491 487
529 83 T 511
531 83 511 511
540 83 494 487
528 83 B 511
570 83 496 461
566 83 448 448
518 83 502 498
568 83 448 461
554 83 508 505
548 83 B 461
564 83 B 448
579 83 461 461
581 83 467 448
546 83 500 498
542 83 498 498
516 83 B 498
583 83 467 461
561 83 507 505
557 83 505 505
559 83 507 508
550 83 498 461
532 83 B 505
524 83 B 496
562 83 496 496
544 83 500 502
520 83 502 502
514 83 B 502
552 83 500 496
522 83 508 508
526 83 502 496
512 83 B 508
602 82 534 538
607 82 575 573
684 82 534 494
680 82 B 536
678 82 B 534
599 82 577 487
689 82 529 511
693 82 T 531
676 82 B 540
690 82 B 528
632 82 546 570
610 82 564 448
614 82 B 564
616 82 B 566
638 82 B 518
612 82 B 568
666 82 B 554
590 82 564 548
595 82 581 579
636 82 546 498
674 82 544 542
670 82 514 516
587 82 583 461
653 82 561 505
665 82 559 557
656 82 552 550
660 82 512 532
624 82 514 524
628 82 544 562
648 82 514 502
644 82 B 520
642 82 B 514
620 82 552 496
696 82 512 508
700 82 B 522
640 82 B 526
698 82 B 512
770 81 602 602
819 81 607 602
764 81 684 684
756 81 680 678
754 81 678 678
823 81 599 599
751 81 689 689
747 81 693 690
760 81 676 676
744 81 690 690
812 81 632 632
808 81 610 610
798 81 614 614
800 81 616 614
720 81 638 638
804 81 612 612
782 81 666 666
816 81 590 590
825 81 595 590
774 81 636 636
766 81 674 670
712 81 670 670
829 81 587 587
789 81 653 653
785 81 665 660
778 81 656 656
716 81 660 660
740 81 624 624
790 81 628 624
736 81 648 648
722 81 644 642
708 81 642 642
794 81 620 620
726 81 696 696
728 81 700 698
732 81 640 640
704 81 698 698
848 80 770 770
847 80 819 770
932 80 764 764
928 80 756 754
934 80 754 754
843 80 823 823
941 80 751 751
945 80 747 744
924 80 760 760
946 80 744 744
876 80 812 812
852 80 808 808
860 80 798 798
862 80 800 798
884 80 720 720
856 80 804 804
912 80 782 782
838 80 816 816
837 80 825 816
880 80 774 774
916 80 766 712
918 80 712 712
833 80 829 829
901 80 789 789
909 80 785 716
904 80 778 778
936 80 716 716
870 80 740 740
872 80 790 740
896 80 736 736
892 80 722 708
920 80 708 708
866 80 794 794
950 80 726 726
954 80 728 704
888 80 732 732
956 80 704 704
1004 79 848 843
1029 79 847 843
1000 79 932 843
998 79 928 924
996 79 934 924
995 79 941 843
991 79 945 924
988 79 946 924
1024 79 876 833
1022 79 852 833
1018 79 860 856
1020 79 862 856
972 79 884 856
1010 79 912 856
1026 79 838 833
1031 79 837 833
1008 79 880 833
1002 79 916 904
966 79 918 904
1015 79 901 833
1013 79 909 904
968 79 936 904
984 79 870 866
1016 79 872 866
982 79 896 866
974 79 892 888
962 79 920 888
978 79 950 866
980 79 954 888
960 79 956 888
1043 78 1029 843
1044 78 B 1004
1047 78 1029 1004
1118 78 998 924
1126 78 998 1000
1122 78 998 996
1120 78 B 996
1131 78 991 995
1135 78 991 988
1132 78 B 988
1070 78 1016 1024
1058 78 1020 856
1050 78 1020 1022
1052 78 B 1018
1054 78 1020 1018
1082 78 974 972
1106 78 980 1010
1035 78 1031 833
1036 78 B 1026
1039 78 1031 1026
1114 78 1002 904
1074 78 1002 1008
1078 78 1002 966
1076 78 B 966
1099 78 1013 1015
1103 78 1013 968
1100 78 B 968
1062 78 1016 866
1064 78 B 984
1066 78 1016 984
1090 78 974 888
1094 78 974 982
1086 78 974 962
1084 78 B 962
1138 78 980 978
1110 78 980 960
1108 78 B 960
1198 77 B 1044
1241 77 1047 1043
1237 77 1047 1044
1188 77 1122 1118
1192 77 1122 1126
1184 77 1122 1120
1182 77 B 1120
1181 77 1135 1131
1177 77 1135 1132
1174 77 B 1132
1232 77 1066 1070
1224 77 1054 1058
1228 77 1054 1050
1218 77 B 1052
1220 77 1054 1052
1158 77 1086 1082
1206 77 1110 1106
1234 77 B 1036
1247 77 1039 1035
1243 77 1039 1036
1196 77 1078 1114
1202 77 1078 1074
1150 77 1078 1076
1148 77 B 1076
1211 77 1103 1099
1155 77 1103 1100
1152 77 B 1100
1172 77 B 1064
1216 77 1066 1062
1212 77 1066 1064
1166 77 1086 1090
1170 77 1086 1094
1146 77 1086 1084
1144 77 B 1084
1162 77 1110 1138
1142 77 1110 1108
1140 77 B 1108
1343 76 1177 1174
1263 76 1237 1198
1260 76 B 1198
1259 76 1237 1241
1322 76 1184 1188
1330 76 1184 1182
1326 76 1184 1192
1328 76 B 1182
1339 76 1177 1181
1340 76 B 1174
1286 76 1212 1232
1268 76 B 1218
1272 76 1220 1224
1266 76 1220 1228
1274 76 1220 1218
1294 76 1146 1158
1312 76 1142 1206
1355 76 1155 1152
1255 76 1243 1234
1252 76 B 1234
1251 76 1243 1247
1316 76 1150 1196
1332 76 1150 1148
1290 76 1150 1202
1318 76 B 1148
1309 76 1155 1211
1334 76 B 1152
1352 76 1142 1140
1282 76 1212 1172
1280 76 B 1172
1278 76 1212 1216
1298 76 1146 1166
1344 76 1146 1144
1302 76 1146 1170
1304 76 B 1144
1348 76 1142 1162
1350 76 B 1140
1391 75 1343 1339
1427 75 1263 1259
1408 75 1260 1259
1400 75 1322 1259
1396 75 1330 1326
1394 75 1328 1326
1388 75 1340 1339
1422 75 1286 1251
1416 75 1268 1266
1420 75 1272 1251
1418 75 1274 1266
1378 75 1294 1290
1410 75 1312 1309
1377 75 1355 1309
1429 75 1255 1251
1424 75 1252 1251
1406 75 1316 1251
1370 75 1332 1290
1402 75 1318 1290
1374 75 1334 1309
1358 75 1352 1348
1412 75 1282 1278
1384 75 1280 1278
1382 75 1298 1278
1364 75 1344 1302
1366 75 1304 1302
1360 75 1350 1348
1504 74 1396 1326
1517 74 1391 1339
1519 74 1391 1388
1445 74 1427 1408
1441 74 1427 1259
1442 74 B 1408
1500 74 1396 1394
1496 74 1396 1400
1498 74 B 1394
1512 74 B 1388
1454 74 1418 1266
1468 74 1412 1422
1456 74 1418 1416
1446 74 B 1416
1450 74 1418 1420
1472 74 1364 1378
1484 74 1358 1410
1508 74 1370 1290
1535 74 1377 1309
1537 74 1377 1374
1437 74 1429 1424
1433 74 1429 1251
1434 74 B 1424
1492 74 1370 1402
1488 74 1370 1406
1490 74 B 1402
1510 74 B 1374
1522 74 1364 1302
1528 74 1358 1348
1530 74 1358 1360
1464 74 1412 1384
1460 74 1412 1278
1462 74 B 1384
1480 74 1364 1366
1476 74 1364 1382
1478 74 B 1366
1524 74 B 1360
1602 73 1504 1504
1593 73 1517 1517
1587 73 1519 1512
1655 73 1445 1442
1659 73 1441 1441
1620 73 1442 1442
1598 73 1500 1498
1606 73 1496 1496
1596 73 1498 1498
1588 73 1512 1512
1640 73 1454 1454
1648 73 1468 1468
1636 73 1456 1446
1634 73 1446 1446
1644 73 1450 1450
1570 73 1472 1472
1624 73 1484 1484
1556 73 1508 1508
1567 73 1535 1535
1561 73 1537 1510
1661 73 1437 1434
1665 73 1433 1433
1652 73 1434 1434
1612 73 1492 1490
1616 73 1488 1488
1610 73 1490 1490
1562 73 1510 1510
1548 73 1522 1522
1540 73 1528 1528
1572 73 1530 1524
1626 73 1464 1462
1630 73 1460 1460
1582 73 1462 1462
1574 73 1480 1478
1578 73 1476 1476
1552 73 1478 1478
1544 73 1524 1524
1768 72 1602 1602
1785 72 1593 1593
1789 72 1587 1587
1681 72 1655 1655
1677 72 1659 1659
1740 72 1620 1620
1760 72 1598 1598
1756 72 1606 1606
1764 72 1596 1596
1780 72 1588 1588
1696 72 1640 1640
1712 72 1648 1648
1700 72 1636 1636
1688 72 1634 1634
1692 72 1644 1644
1716 72 1570 1570
1736 72 1624 1624
1772 72 1556 1556
1809 72 1567 1567
1813 72 1561 1561
1673 72 1661 1661
1669 72 1665 1665
1684 72 1652 1652
1748 72 1612 1612
1744 72 1616 1616
1752 72 1610 1610
1776 72 1562 1562
1792 72 1548 1548
1800 72 1540 1540
1804 72 1572 1572
1708 72 1626 1626
1704 72 1630 1630
1720 72 1582 1582
1728 72 1574 1574
1724 72 1578 1578
1732 72 1552 1552
1796 72 1544 1544
1902 71 1764 1756
1888 71 B 1768
1890 71 1764 1768
1914 71 1740 1677
1880 71 B 1785
1898 71 1756 1677
1894 71 1760 1768
1886 71 1780 1785
1883 71 1789 1785
1945 71 1681 1677
1896 71 B 1677
1908 71 B 1740
1906 71 1760 1756
1900 71 B 1756
1892 71 B 1764
1884 71 B 1780
1926 71 1688 1692
1930 71 B 1696
1936 71 1692 1669
1932 71 1688 1696
1934 71 1700 1696
1860 71 B 1716
1862 71 1732 1716
1916 71 B 1712
1922 71 1704 1669
1918 71 1720 1712
1920 71 1708 1712
1938 71 1700 1692
1866 71 B 1692
1928 71 B 1688
1870 71 B 1736
1868 71 1724 1692
1864 71 1728 1716
1874 71 1796 1736
1872 71 1804 1736
1904 71 1752 1744
1836 71 1732 1724
1838 71 B 1772
1840 71 1752 1772
1940 71 1684 1669
1852 71 B 1809
1848 71 1744 1669
1844 71 1748 1772
1858 71 1776 1809
1855 71 1813 1809
1947 71 1673 1669
1846 71 B 1669
1942 71 B 1684
1910 71 1748 1744
1850 71 B 1744
1842 71 B 1752
1856 71 B 1776
1822 71 B 1792
1824 71 1732 1792
1912 71 1720 1704
1814 71 B 1800
1832 71 1724 1704
1828 71 1728 1792
1820 71 1796 1800
1816 71 1804 1800
1924 71 1708 1704
1830 71 B 1704
1878 71 B 1720
1876 71 1728 1724
1834 71 B 1724
1826 71 B 1732
1818 71 B 1796
2180 70 1892 1902
2226 70 1888 1768
2222 70 1888 1888
2218 70 1892 1890
2176 70 1908 1914
2264 70 1880 1785
2260 70 1880 1880
2210 70 1900 1898
2214 70 1892 1894
2252 70 1884 1886
2256 70 1884 1883
2022 70 1892 1764
1996 70 1896 1677
2000 70 1908 1945
2004 70 1908 1740
1986 70 B 1896
1990 70 1896 1896
1988 70 B 1908
1992 70 1908 1908
2012 70 1900 1756
2016 70 1892 1906
2204 70 1884 1780
2006 70 B 1900
2008 70 B 1892
2206 70 1900 1900
2018 70 1892 1892
2198 70 B 1884
2200 70 1884 1884
2070 70 1928 1926
2066 70 1930 1696
2062 70 1930 1930
2050 70 1866 1936
2058 70 1928 1932
2054 70 1928 1934
2040 70 1928 1688
2024 70 B 1866
2026 70 B 1928
2148 70 1860 1716
2144 70 1860 1860
2140 70 1826 1862
2128 70 1916 1712
2124 70 1916 1916
2112 70 1830 1922
2120 70 1878 1918
2116 70 1878 1920
2030 70 1866 1692
2034 70 1928 1938
2046 70 1866 1866
2036 70 1928 1928
2168 70 1870 1736
2160 70 1870 1870
2132 70 1834 1868
2136 70 1826 1864
2152 70 1818 1874
2156 70 1818 1872
2172 70 1842 1904
2188 70 1826 1836
2248 70 1838 1772
2244 70 1838 1838
2240 70 1842 1840
2044 70 1942 1940
2322 70 1852 1809
2318 70 1852 1852
2232 70 1850 1848
2236 70 1842 1844
2310 70 1856 1858
2314 70 1856 1855
1984 70 1842 1752
1958 70 1846 1669
1962 70 1942 1947
1966 70 1942 1684
1948 70 B 1846
1952 70 1846 1846
1950 70 B 1942
1954 70 1942 1942
1974 70 1850 1744
1978 70 1842 1910
2196 70 1856 1776
1968 70 B 1850
1970 70 B 1842
2228 70 1850 1850
1980 70 1842 1842
2190 70 B 1856
2192 70 1856 1856
2290 70 1822 1792
2286 70 1822 1822
2282 70 1826 1824
2184 70 1878 1912
2306 70 1814 1800
2302 70 1814 1814
2274 70 1834 1832
2278 70 1826 1828
2294 70 1818 1820
2298 70 1818 1816
2106 70 1826 1732
2078 70 1830 1704
2082 70 1878 1924
2088 70 1878 1720
2072 70 B 1830
2108 70 1830 1830
2074 70 B 1878
2084 70 1878 1878
2096 70 1834 1724
2100 70 1826 1876
2268 70 1818 1796
2090 70 B 1834
2092 70 B 1826
2270 70 1834 1834
2102 70 1826 1826
2162 70 B 1818
2164 70 1818 1818
2556 69 2016 2180
2508 69 2214 2226
2512 69 2018 2222
2516 69 2214 2218
2592 69 2000 2176
2476 69 2256 2264
2480 69 2200 2260
2524 69 2214 2210
2484 69 2256 2252
2532 69 2008 2022
2518 69 B 2018
2536 69 2008 2008
2520 69 2018 2018
2686 69 2000 1996
2568 69 1988 2004
2570 69 B 1992
2578 69 1988 1986
2690 69 1992 1990
2574 69 1988 1988
2594 69 1992 1992
2564 69 2016 2012
2492 69 2198 2204
2486 69 B 2200
2540 69 2008 2006
2528 69 2018 2206
2496 69 2198 2198
2488 69 2200 2200
2622 69 2034 2070
2630 69 2054 2066
2634 69 2036 2062
2642 69 2054 2050
2638 69 2054 2058
2650 69 2026 2040
2624 69 B 2036
2662 69 2026 2024
2658 69 2026 2026
2626 69 2036 2036
2430 69 2136 2148
2434 69 2102 2144
2438 69 2136 2140
2598 69 2116 2128
2602 69 2084 2124
2610 69 2116 2112
2606 69 2116 2120
2654 69 2034 2030
2646 69 2036 2046
2446 69 2156 2168
2450 69 2164 2160
2442 69 2136 2132
2454 69 2156 2152
2560 69 1978 2172
2386 69 2100 2188
2390 69 2236 2248
2394 69 1980 2244
2398 69 2236 2240
2666 69 1962 2044
2414 69 2314 2322
2418 69 2192 2318
2406 69 2236 2232
2422 69 2314 2310
2544 69 1970 1984
2400 69 B 1980
2548 69 1970 1970
2402 69 1980 1980
2694 69 1962 1958
2674 69 1950 1966
2668 69 B 1954
2682 69 1950 1948
2698 69 1954 1952
2678 69 1950 1950
2670 69 1954 1954
2582 69 1978 1974
2500 69 2190 2196
2424 69 B 2192
2552 69 1970 1968
2410 69 1980 2228
2504 69 2190 2190
2426 69 2192 2192
2350 69 2278 2290
2354 69 2102 2286
2358 69 2278 2282
2586 69 2082 2184
2326 69 2298 2306
2330 69 2164 2302
2366 69 2278 2274
2334 69 2298 2294
2374 69 2092 2106
2360 69 B 2102
2378 69 2092 2092
2362 69 2102 2102
2618 69 2082 2078
2462 69 2074 2088
2464 69 B 2084
2472 69 2074 2072
2614 69 2084 2108
2468 69 2074 2074
2588 69 2084 2084
2458 69 2100 2096
2342 69 2162 2268
2336 69 B 2164
2382 69 2092 2090
2370 69 2102 2270
2346 69 2162 2162
2338 69 2164 2164
2874 68 2520 2556
2728 68 B 2536
2716 68 B 2578
2720 68 B 2574
2724 68 B 2540
2886 68 B 2496
2910 68 2512 2508
2906 68 2520 2516
2870 68 2594 2592
2930 68 2480 2476
2902 68 2528 2524
2926 68 2488 2484
2762 68 2518 2532
2730 68 2520 2536
2750 68 2690 2686
2754 68 2570 2568
2718 68 2690 2578
2722 68 2594 2574
2758 68 2528 2564
2898 68 2486 2492
2726 68 2528 2540
2894 68 2488 2496
2806 68 2626 2622
2764 68 B 2662
2766 68 B 2658
2802 68 2634 2630
2794 68 2646 2642
2798 68 2626 2638
2774 68 2624 2650
2784 68 2646 2662
2786 68 2626 2658
2854 68 2434 2430
2850 68 2362 2438
2842 68 2602 2598
2834 68 2614 2610
2838 68 2588 2606
2770 68 2646 2654
2862 68 2450 2446
2846 68 2370 2442
2858 68 2338 2454
2866 68 2402 2560
2882 68 2362 2386
2712 68 B 2548
2700 68 B 2682
2704 68 B 2678
2708 68 B 2552
2884 68 B 2504
2782 68 B 2378
2776 68 B 2472
2778 68 B 2468
2780 68 B 2382
2932 68 B 2346
2922 68 2394 2390
2918 68 2402 2398
2790 68 2670 2666
2966 68 2418 2414
2914 68 2410 2406
2962 68 2426 2422
2746 68 2400 2544
2714 68 2402 2548
2734 68 2698 2694
2738 68 2668 2674
2702 68 2698 2682
2706 68 2670 2678
2742 68 2410 2582
2892 68 2424 2500
2710 68 2410 2552
2888 68 2426 2504
2950 68 2354 2350
2946 68 2362 2358
2878 68 2588 2586
2958 68 2330 2326
2942 68 2370 2366
2954 68 2338 2334
2830 68 2360 2374
2822 68 2362 2378
2814 68 2614 2618
2818 68 2464 2462
2808 68 2614 2472
2810 68 2588 2468
2826 68 2370 2458
2938 68 2336 2342
2820 68 2370 2382
2934 68 2338 2346
3066 67 2874 2758
3060 67 2728 2724
3086 67 2720 2716
3044 67 2886 2724
3054 67 2910 2750
3056 67 2906 2902
3090 67 2870 2750
3032 67 2930 2750
3036 67 2926 2902
3058 67 2762 2758
3072 67 2730 2726
3082 67 2754 2750
3130 67 2722 2718
3040 67 2898 2758
3074 67 2894 2726
3102 67 2806 2770
3118 67 2766 2764
3104 67 2802 2734
3108 67 2798 2794
3110 67 2774 2770
3114 67 2786 2784
3014 67 2854 2770
3018 67 2850 2846
3092 67 2842 2734
3096 67 2838 2834
3020 67 2862 2770
3022 67 2858 2846
3068 67 2866 2742
2992 67 2882 2826
3064 67 2712 2708
3126 67 2704 2700
3052 67 2884 2708
2990 67 2782 2780
3028 67 2778 2776
2982 67 2932 2780
3002 67 2922 2734
3006 67 2918 2914
3120 67 2790 2734
3008 67 2966 2734
3010 67 2962 2914
3062 67 2746 2742
3078 67 2714 2710
3122 67 2738 2734
3134 67 2706 2702
3048 67 2892 2742
3080 67 2888 2710
2984 67 2950 2814
2986 67 2946 2942
3088 67 2878 2814
2970 67 2958 2814
2974 67 2954 2942
2988 67 2830 2826
2996 67 2822 2820
3024 67 2818 2814
3100 67 2810 2808
2978 67 2938 2826
2998 67 2934 2820
3212 66 3066 2758
3158 66 3060 3058
3156 66 3086 3082
3228 66 3044 3040
3236 66 3056 3054
3208 66 3090 2750
3244 66 3036 3032
3150 66 3072 3058
3146 66 3130 3082
3232 66 3074 3040
3184 66 3102 2770
3162 66 3118 3110
3180 66 3108 3104
3172 66 3114 3110
3196 66 3018 3014
3192 66 3096 3092
3200 66 3022 3020
3204 66 3068 2742
3220 66 2992 2826
3154 66 3064 3062
3152 66 3126 3122
3224 66 3052 3048
3170 66 2990 2988
3166 66 3028 3024
3248 66 2982 2978
3240 66 3006 3002
3176 66 3120 2734
3262 66 3010 3008
3142 66 3078 3062
3138 66 3134 3122
3230 66 3080 3048
3254 66 2986 2984
3216 66 3088 2814
3258 66 2974 2970
3188 66 2996 2988
3186 66 3100 3024
3250 66 2998 2978
3314 65 3212 3208
3310 65 3158 3156
3302 65 3228 3156
3308 65 3236 3208
3298 65 3244 3208
3320 65 3150 3146
3322 65 3232 3146
3330 65 3184 3176
3336 65 3162 3152
3332 65 3180 3176
3334 65 3172 3138
3292 65 3196 3192
3294 65 3200 3192
3316 65 3204 3176
3276 65 3220 3216
3312 65 3154 3152
3306 65 3224 3152
3274 65 3170 3166
3270 65 3248 3166
3286 65 3240 3176
3288 65 3262 3176
3326 65 3142 3138
3328 65 3230 3138
3272 65 3254 3216
3266 65 3258 3216
3280 65 3188 3186
3282 65 3250 3186
3396 64 3302 3314
3408 64 3302 3156
3350 64 B 3310
3352 64 3302 3310
3428 64 3298 3208
3418 64 B 3308
3424 64 3298 3308
3416 64 3322 3146
3342 64 B 3320
3344 64 3322 3320
3380 64 3294 3330
3356 64 3270 3336
3372 64 3266 3332
3364 64 3282 3334
3388 64 3294 3192
3382 64 B 3292
3384 64 3294 3292
3392 64 3306 3316
3400 64 3270 3276
3404 64 3306 3152
3346 64 B 3312
3348 64 3306 3312
3432 64 3270 3166
3358 64 B 3274
3360 64 3270 3274
3444 64 3288 3176
3420 64 B 3286
3422 64 3288 3286
3412 64 3328 3138
3338 64 B 3326
3340 64 3328 3326
3440 64 3266 3216
3374 64 B 3272
3376 64 3266 3272
3436 64 3282 3186
3366 64 B 3280
3368 64 3282 3280
3512 63 3352 3396
3494 63 3352 3408
3490 63 B 3350
3504 63 3352 3350
3488 63 3424 3428
3484 63 B 3418
3502 63 3424 3418
3522 63 3344 3416
3518 63 B 3342
3550 63 3344 3342
3536 63 3384 3380
3548 63 3360 3356
3540 63 3376 3372
3544 63 3368 3364
3482 63 3384 3388
3478 63 B 3382
3530 63 3384 3382
3516 63 3348 3392
3464 63 3360 3400
3500 63 3348 3404
3496 63 B 3346
3508 63 3348 3346
3456 63 3360 3432
3452 63 B 3358
3460 63 3360 3358
3476 63 3422 3444
3472 63 B 3420
3506 63 3422 3420
3528 63 3340 3412
3524 63 B 3338
3552 63 3340 3338
3450 63 3376 3440
3446 63 B 3374
3458 63 3376 3374
3470 63 3368 3436
3466 63 B 3366
3532 63 3368 3366
3578 62 B 3494
3580 62 3494 3494
3558 62 B 3522
3560 62 3522 3522
3678 62 B 3488
3706 62 3488 3488
3680 62 3512 3488
3682 62 B 3512
3684 62 3512 3512
3598 62 3490 3494
3600 62 3490 3490
3698 62 3484 3488
3702 62 3484 3484
3668 62 3518 3522
3670 62 3518 3518
3588 62 3504 3494
3590 62 B 3490
3592 62 3504 3490
3714 62 3502 3488
3700 62 B 3484
3716 62 3502 3484
3568 62 3550 3522
3570 62 B 3518
3572 62 3550 3518
3636 62 3536 3476
3638 62 B 3536
3640 62 3536 3536
3610 62 3548 3500
3612 62 B 3548
3614 62 3548 3548
3630 62 3540 3476
3632 62 B 3540
3634 62 3540 3540
3622 62 3544 3528
3624 62 B 3544
3626 62 3544 3544
3660 62 3478 3482
3662 62 3478 3478
3650 62 3530 3482
3652 62 B 3478
3654 62 3530 3478
3574 62 B 3500
3576 62 3500 3500
3606 62 B 3456
3608 62 3456 3456
3554 62 B 3528
3556 62 3528 3528
3602 62 B 3470
3604 62 3470 3470
3628 62 B 3476
3704 62 3476 3476
3672 62 3516 3476
3674 62 B 3516
3676 62 3516 3516
3690 62 B 3450
3728 62 3450 3450
3692 62 3464 3450
3694 62 B 3464
3696 62 3464 3464
3594 62 3496 3500
3596 62 3496 3496
3656 62 3452 3456
3658 62 3452 3452
3718 62 3472 3476
3720 62 3472 3472
3664 62 3524 3528
3666 62 3524 3524
3722 62 3446 3450
3726 62 3446 3446
3686 62 3466 3470
3688 62 3466 3466
3582 62 3508 3500
3584 62 B 3496
3586 62 3508 3496
3616 62 3460 3456
3618 62 B 3452
3620 62 3460 3452
3708 62 3506 3476
3710 62 B 3472
3712 62 3506 3472
3562 62 3552 3528
3564 62 B 3524
3566 62 3552 3524
3730 62 3458 3450
3724 62 B 3446
3732 62 3458 3446
3642 62 3532 3470
3644 62 B 3466
3646 62 3532 3466
3972 61 3580 3494
3966 61 B 3578
3968 61 3580 3578
3992 61 3560 3522
3986 61 B 3558
3988 61 3560 3558
3856 61 3706 3488
3850 61 B 3678
3852 61 3706 3678
3864 61 3684 3680
3858 61 B 3682
3860 61 3684 3682
3816 61 3600 3598
3812 61 3600 3590
3808 61 3702 3698
3804 61 3702 3700
3888 61 3670 3668
3884 61 3670 3570
3836 61 3592 3588
3810 61 B 3590
3832 61 3592 3590
3830 61 3716 3714
3802 61 B 3700
3826 61 3716 3700
3978 61 3572 3568
3882 61 B 3570
3974 61 3572 3570
3916 61 3640 3636
3910 61 B 3638
3912 61 3640 3638
3940 61 3614 3610
3934 61 B 3612
3936 61 3614 3612
3924 61 3634 3630
3918 61 B 3632
3920 61 3634 3632
3932 61 3626 3622
3926 61 B 3624
3928 61 3626 3624
3800 61 3662 3660
3796 61 3662 3652
3902 61 3654 3650
3794 61 B 3652
3898 61 3654 3652
3956 61 3576 3500
3950 61 B 3574
3952 61 3576 3574
3948 61 3608 3456
3942 61 B 3606
3944 61 3608 3606
4000 61 3556 3528
3994 61 B 3554
3996 61 3556 3554
3964 61 3604 3470
3958 61 B 3602
3960 61 3604 3602
3872 61 3704 3476
3866 61 B 3628
3868 61 3704 3628
3880 61 3676 3672
3874 61 B 3674
3876 61 3676 3674
3768 61 3728 3450
3762 61 B 3690
3764 61 3728 3690
3776 61 3696 3692
3770 61 B 3694
3772 61 3696 3694
3824 61 3596 3594
3820 61 3596 3584
3748 61 3658 3656
3744 61 3658 3618
3792 61 3720 3718
3788 61 3720 3710
3896 61 3666 3664
3892 61 3666 3564
3740 61 3726 3722
3736 61 3726 3724
3784 61 3688 3686
3780 61 3688 3644
3848 61 3586 3582
3818 61 B 3584
3844 61 3586 3584
3760 61 3620 3616
3742 61 B 3618
3756 61 3620 3618
3842 61 3712 3708
3786 61 B 3710
3838 61 3712 3710
3984 61 3566 3562
3890 61 B 3564
3980 61 3566 3564
3754 61 3732 3730
3734 61 B 3724
3750 61 3732 3724
3908 61 3646 3642
3778 61 B 3644
3904 61 3646 3644
4044 60 3968 3972
4048 60 3968 3966
4012 60 3988 3992
4016 60 3988 3986
4222 60 3852 3856
4226 60 3852 3850
4184 60 3860 3864
4188 60 3860 3858
4074 60 3812 3816
4076 60 3812 3810
4206 60 3804 3808
4210 60 3804 3802
4170 60 3884 3888
4172 60 3884 3882
4060 60 3832 3836
4064 60 3832 3810
4238 60 3826 3830
4240 60 3826 3802
4028 60 3974 3978
4032 60 3974 3882
4128 60 3912 3916
4132 60 3912 3910
4096 60 3936 3940
4100 60 3936 3934
4120 60 3920 3924
4124 60 3920 3918
4112 60 3928 3932
4116 60 3928 3926
4158 60 3796 3800
4160 60 3796 3794
4144 60 3898 3902
4148 60 3898 3794
4036 60 3952 3956
4040 60 3952 3950
4088 60 3944 3948
4092 60 3944 3942
4004 60 3996 4000
4008 60 3996 3994
4080 60 3960 3964
4084 60 3960 3958
4214 60 3868 3872
4218 60 3868 3866
4176 60 3876 3880
4180 60 3876 3874
4258 60 3764 3768
4262 60 3764 3762
4198 60 3772 3776
4202 60 3772 3770
4068 60 3820 3824
4070 60 3820 3818
4152 60 3744 3748
4154 60 3744 3742
4244 60 3788 3792
4246 60 3788 3786
4164 60 3892 3896
4166 60 3892 3890
4250 60 3736 3740
4254 60 3736 3734
4192 60 3780 3784
4194 60 3780 3778
4052 60 3844 3848
4056 60 3844 3818
4104 60 3756 3760
4108 60 3756 3742
4230 60 3838 3842
4234 60 3838 3786
4020 60 3980 3984
4024 60 3980 3890
4266 60 3750 3754
4268 60 3750 3734
4136 60 3904 3908
4140 60 3904 3778
4396 59 4048 4044
4408 59 4016 4012
4336 59 4226 4222
4340 59 4188 4184
4312 59 4076 4074
4308 59 4210 4206
4352 59 4172 4170
4324 59 4064 4060
4320 59 4240 4238
4400 59 4032 4028
4368 59 4132 4128
4380 59 4100 4096
4372 59 4124 4120
4376 59 4116 4112
4304 59 4160 4158
4360 59 4148 4144
4388 59 4040 4036
4384 59 4092 4088
4412 59 4008 4004
4392 59 4084 4080
4344 59 4218 4214
4348 59 4180 4176
4288 59 4262 4258
4292 59 4202 4198
4316 59 4070 4068
4276 59 4154 4152
4300 59 4246 4244
4356 59 4166 4164
4272 59 4254 4250
4296 59 4194 4192
4332 59 4056 4052
4284 59 4108 4104
4328 59 4234 4230
4404 59 4024 4020
4280 59 4268 4266
4364 59 4140 4136
4432 58 4396 4336
4420 58 4408 4336
4480 58 4340 4336
4444 58 4312 4308
4476 58 4352 4308
4436 58 4324 4320
4428 58 4400 4320
4462 58 4368 4344
4454 58 4380 4372
4460 58 4376 4372
4472 58 4304 4300
4466 58 4360 4328
4430 58 4388 4344
4450 58 4384 4288
4416 58 4412 4344
4448 58 4392 4288
4478 58 4348 4344
4484 58 4292 4288
4440 58 4316 4300
4470 58 4276 4272
4474 58 4356 4300
4482 58 4296 4272
4434 58 4332 4328
4458 58 4284 4280
4424 58 4404 4328
4464 58 4364 4280
4548 57 4432 4430
4554 57 4420 4416
4556 57 4336 4344
4512 57 4480 4478
4516 57 4308 4300
4508 57 4444 4440
4514 57 4476 4474
4552 57 4320 4328
4510 57 4436 4434
4550 57 4428 4424
4528 57 4462 4344
4538 57 4372 4344
4536 57 4454 4430
4532 57 4460 4416
4504 57 4472 4300
4520 57 4466 4328
4540 57 4450 4430
4544 57 4448 4416
4546 57 4288 4344
4496 57 4484 4478
4506 57 4272 4300
4488 57 4470 4440
4500 57 4482 4474
4542 57 4280 4328
4492 57 4458 4434
4524 57 4464 4424
4680 56 4512 4512
4678 56 4514 4514
4676 56 4508 4508
4682 56 4510 4510
4664 56 4528 4528
4658 56 4536 4536
4662 56 4532 4532
4672 56 4504 4504
4670 56 4520 4520
4668 56 4524 4524
4686 56 4496 4496
4684 56 4500 4500
4674 56 4488 4488
4660 56 4492 4492
4620 56 4508 4548
4610 56 4514 4554
4606 56 4512 4556
4632 56 B 4512
4628 56 B 4508
4626 56 4508 4516
4630 56 B 4514
4622 56 B 4510
4614 56 4510 4552
4616 56 B 4550
4698 56 4496 4478
4576 56 4536 4430
4564 56 4532 4416
4560 56 4528 4344
4598 56 B 4528
4594 56 B 4536
4592 56 4536 4538
4596 56 B 4532
4588 56 4488 4440
4694 56 4500 4474
4580 56 4492 4434
4572 56 4524 4424
4584 56 4504 4300
4602 56 B 4504
4568 56 4520 4328
4600 56 B 4520
4690 56 4488 4540
4646 56 4500 4544
4642 56 4496 4546
4650 56 B 4496
4638 56 B 4488
4636 56 4488 4506
4648 56 B 4500
4656 56 B 4492
4654 56 4492 4542
4666 56 B 4524
4772 55 4680 4606
4774 55 4678 4626
4768 55 4676 4626
4770 55 4682 4614
4782 55 4664 4560
4786 55 4658 4592
4784 55 4662 4592
4776 55 4672 4584
4778 55 4670 4568
4780 55 4668 4654
4762 55 4686 4642
4764 55 4684 4636
4758 55 4674 4636
4760 55 4660 4654
4788 55 4620 4606
4792 55 4610 4606
4738 55 4632 4606
4730 55 4628 4626
4740 55 4630 4626
4734 55 4622 4614
4790 55 4616 4614
4710 55 4698 4560
4794 55 4576 4560
4798 55 4564 4560
4748 55 4598 4560
4754 55 4594 4592
4752 55 4596 4592
4702 55 4588 4584
4712 55 4694 4584
4706 55 4580 4568
4796 55 4572 4568
4742 55 4602 4584
4744 55 4600 4568
4756 55 4690 4642
4766 55 4646 4642
4724 55 4650 4642
4716 55 4638 4636
4726 55 4648 4636
4720 55 4656 4654
4746 55 4666 4654
4986 54 4774 4772
4984 54 B 4772
4988 54 4772 4772
4982 54 4774 4768
4978 54 B 4768
4980 54 4768 4768
4990 54 B 4770
4992 54 4770 4770
4956 54 4784 4782
4954 54 B 4782
4958 54 4782 4782
4942 54 B 4786
4944 54 4786 4786
4946 54 4784 4786
4968 54 4764 4776
4966 54 B 4776
4970 54 4776 4776
4962 54 4780 4778
4960 54 B 4778
4964 54 4778 4778
4952 54 4780 4760
4996 54 4764 4762
4994 54 B 4762
4998 54 4762 4762
4974 54 4764 4758
4972 54 B 4758
4976 54 4758 4758
4948 54 B 4760
4950 54 4760 4760
4894 54 4788 4788
4876 54 4792 4606
4874 54 B 4606
4880 54 B 4788
4878 54 4606 4606
4882 54 4792 4788
4912 54 4740 4738
4910 54 B 4738
4914 54 4738 4738
4900 54 4740 4626
4898 54 B 4626
4902 54 4626 4626
4886 54 4790 4614
4884 54 B 4614
4888 54 4614 4614
4904 54 B 4730
4908 54 4730 4730
4906 54 4740 4730
4890 54 B 4734
4896 54 4734 4734
4892 54 4790 4734
5010 54 4712 4710
5008 54 B 4710
5012 54 4710 4710
4820 54 4794 4794
4834 54 4702 4702
4822 54 4706 4706
4802 54 4798 4560
4800 54 B 4560
4806 54 B 4794
4804 54 4560 4560
4808 54 4798 4794
4850 54 4752 4748
4848 54 B 4748
4852 54 4748 4748
4838 54 4752 4592
4836 54 B 4592
4840 54 4592 4592
4842 54 B 4754
4846 54 4754 4754
4844 54 4752 4754
4826 54 4712 4584
4824 54 B 4584
4830 54 B 4702
4828 54 4584 4584
4832 54 4712 4702
4812 54 4796 4568
4810 54 B 4568
4816 54 B 4706
4814 54 4568 4568
4818 54 4796 4706
4866 54 4726 4742
4864 54 B 4742
4868 54 4742 4742
4856 54 4746 4744
4854 54 B 4744
4858 54 4744 4744
5006 54 4756 4756
4926 54 4766 4642
4924 54 B 4642
4930 54 B 4756
4928 54 4642 4642
4932 54 4766 4756
4936 54 4726 4724
4934 54 B 4724
4938 54 4724 4724
4918 54 4726 4636
4916 54 B 4636
4920 54 4636 4636
5002 54 4746 4654
5000 54 B 4654
5004 54 4654 4654
4870 54 B 4716
4922 54 4716 4716
4872 54 4726 4716
4860 54 B 4720
4940 54 4720 4720
4862 54 4746 4720
5304 53 4986 4772
5296 53 4978 4984
5300 53 4982 4988
5306 53 4978 4978
5308 53 4982 4980
5284 53 4978 4768
5278 53 B 4978
5280 53 B 4980
5292 53 4990 4770
5286 53 B 4990
5288 53 B 4992
5344 53 4956 4782
5336 53 4942 4954
5340 53 4946 4958
5360 53 4942 4786
5350 53 B 4942
5354 53 B 4944
5352 53 4942 4942
5356 53 4946 4944
5320 53 4968 4776
5312 53 4972 4966
5316 53 4974 4970
5332 53 4962 4778
5324 53 4948 4960
5328 53 4952 4964
5346 53 4948 4948
5348 53 4952 4950
5260 53 4996 4762
5252 53 4972 4994
5256 53 4974 4998
5262 53 4972 4972
5264 53 4974 4976
5240 53 4972 4758
5234 53 B 4972
5236 53 B 4976
5248 53 4948 4760
5242 53 B 4948
5244 53 B 4950
5376 53 4880 4788
5366 53 B 4880
5370 53 B 4894
5368 53 4880 4880
5372 53 4882 4894
5400 53 4876 4606
5392 53 4880 4874
5396 53 4882 4878
5128 53 4912 4738
5120 53 4904 4910
5124 53 4906 4914
5144 53 4900 4626
5136 53 4904 4898
5140 53 4906 4902
5388 53 4886 4614
5380 53 4890 4884
5384 53 4892 4888
5108 53 4904 4730
5102 53 B 4904
5104 53 B 4908
5130 53 4904 4904
5132 53 4906 4908
5116 53 4890 4734
5110 53 B 4890
5112 53 B 4896
5362 53 4890 4890
5364 53 4892 4896
5040 53 5010 4710
5032 53 4830 5008
5036 53 4832 5012
5416 53 4806 4794
5406 53 B 4806
5410 53 B 4820
5408 53 4806 4806
5412 53 4808 4820
5020 53 4830 4702
5014 53 B 4830
5016 53 B 4834
5042 53 4830 4830
5044 53 4832 4834
5028 53 4816 4706
5022 53 B 4816
5024 53 B 4822
5402 53 4816 4816
5404 53 4818 4822
5440 53 4802 4560
5432 53 4806 4800
5436 53 4808 4804
5180 53 4850 4748
5172 53 4842 4848
5176 53 4844 4852
5208 53 4838 4592
5200 53 4842 4836
5204 53 4844 4840
5196 53 4842 4754
5182 53 B 4842
5186 53 B 4846
5184 53 4842 4842
5188 53 4844 4846
5056 53 4826 4584
5048 53 4830 4824
5052 53 4832 4828
5428 53 4812 4568
5420 53 4816 4810
5424 53 4818 4814
5156 53 4866 4742
5148 53 4870 4864
5152 53 4872 4868
5168 53 4856 4744
5160 53 4860 4854
5164 53 4862 4858
5232 53 4930 4756
5222 53 B 4930
5226 53 B 5006
5224 53 4930 4930
5228 53 4932 5006
5276 53 4926 4642
5268 53 4930 4924
5272 53 4932 4928
5084 53 4936 4724
5076 53 4870 4934
5080 53 4872 4938
5100 53 4918 4636
5092 53 4870 4916
5096 53 4872 4920
5220 53 5002 4654
5212 53 4860 5000
5216 53 4862 5004
5064 53 4870 4716
5058 53 B 4870
5060 53 B 4922
5086 53 4870 4870
5088 53 4872 4922
5072 53 4860 4720
5066 53 B 4860
5068 53 B 4940
5190 53 4860 4860
5192 53 4862 4940
5716 52 5300 5304
5718 52 B 5296
5720 52 5300 5296
5710 52 B 5306
5712 52 5308 5306
5704 52 5280 5284
5706 52 B 5278
5708 52 5280 5278
5724 52 5288 5292
5726 52 B 5286
5728 52 5288 5286
5672 52 5340 5344
5674 52 B 5336
5676 52 5340 5336
5652 52 5354 5360
5654 52 B 5350
5656 52 5354 5350
5658 52 B 5352
5660 52 5356 5352
5688 52 5316 5320
5690 52 B 5312
5692 52 5316 5312
5680 52 5328 5332
5682 52 B 5324
5684 52 5328 5324
5666 52 B 5346
5668 52 5348 5346
5736 52 5256 5260
5738 52 B 5252
5740 52 5256 5252
5698 52 B 5262
5700 52 5264 5262
5696 52 5236 5240
5730 52 B 5234
5732 52 5236 5234
5664 52 5244 5248
5742 52 B 5242
5744 52 5244 5242
5556 52 5370 5376
5558 52 B 5366
5560 52 5370 5366
5562 52 B 5368
5564 52 5372 5368
5540 52 5396 5400
5542 52 B 5392
5544 52 5396 5392
5596 52 5124 5128
5598 52 B 5120
5600 52 5124 5120
5576 52 5140 5144
5578 52 B 5136
5580 52 5140 5136
5548 52 5384 5388
5550 52 B 5380
5552 52 5384 5380
5584 52 5104 5108
5590 52 B 5102
5592 52 5104 5102
5586 52 B 5130
5588 52 5132 5130
5568 52 5112 5116
5602 52 B 5110
5604 52 5112 5110
5570 52 B 5362
5572 52 5364 5362
5776 52 5036 5040
5778 52 B 5032
5780 52 5036 5032
5460 52 5410 5416
5462 52 B 5406
5464 52 5410 5406
5466 52 B 5408
5468 52 5412 5408
5488 52 5016 5020
5782 52 B 5014
5784 52 5016 5014
5490 52 B 5042
5492 52 5044 5042
5472 52 5024 5028
5770 52 B 5022
5772 52 5024 5022
5474 52 B 5402
5476 52 5404 5402
5444 52 5436 5440
5446 52 B 5432
5448 52 5436 5432
5516 52 5176 5180
5518 52 B 5172
5520 52 5176 5172
5496 52 5204 5208
5498 52 B 5200
5500 52 5204 5200
5504 52 5186 5196
5506 52 B 5182
5508 52 5186 5182
5510 52 B 5184
5512 52 5188 5184
5480 52 5052 5056
5482 52 B 5048
5484 52 5052 5048
5452 52 5424 5428
5454 52 B 5420
5456 52 5424 5420
5532 52 5152 5156
5534 52 B 5148
5536 52 5152 5148
5524 52 5164 5168
5526 52 B 5160
5528 52 5164 5160
5756 52 5226 5232
5758 52 B 5222
5760 52 5226 5222
5766 52 B 5224
5768 52 5228 5224
5628 52 5272 5276
5630 52 B 5268
5632 52 5272 5268
5636 52 5080 5084
5638 52 B 5076
5640 52 5080 5076
5608 52 5096 5100
5610 52 B 5092
5612 52 5096 5092
5748 52 5216 5220
5750 52 B 5212
5752 52 5216 5212
5616 52 5060 5064
5618 52 B 5058
5620 52 5060 5058
5622 52 B 5086
5624 52 5088 5086
5644 52 5068 5072
5646 52 B 5066
5648 52 5068 5066
5762 52 B 5190
5764 52 5192 5190
6086 51 5716 5716
6080 51 5718 5718
6082 51 5720 5718
6090 51 5710 5710
6092 51 5712 5710
6066 51 5704 5704
6060 51 5706 5706
6062 51 5708 5706
6076 51 5724 5724
6070 51 5726 5726
6072 51 5728 5726
6122 51 5672 5672
6116 51 5674 5674
6118 51 5676 5674
6138 51 5654 5654
6144 51 5652 5652
6140 51 5656 5654
6132 51 5658 5658
6134 51 5660 5658
6102 51 5688 5688
6096 51 5690 5690
6098 51 5692 5690
6112 51 5680 5680
6106 51 5682 5682
6108 51 5684 5682
6126 51 5666 5666
6128 51 5668 5666
6040 51 5736 5736
6034 51 5738 5738
6036 51 5740 5738
6044 51 5698 5698
6046 51 5700 5698
6020 51 5696 5696
6014 51 5730 5730
6016 51 5732 5730
6030 51 5664 5664
6024 51 5742 5742
6026 51 5744 5742
6160 51 5558 5558
6166 51 5556 5556
6162 51 5560 5558
6154 51 5562 5562
6156 51 5564 5562
6186 51 5540 5540
6180 51 5542 5542
6182 51 5544 5542
5906 51 5596 5596
5900 51 5598 5598
5902 51 5600 5598
5880 51 5590 5590
5890 51 5602 5602
5922 51 5576 5576
5916 51 5578 5578
5918 51 5580 5578
6176 51 5548 5548
6170 51 5550 5550
6172 51 5552 5550
5886 51 5584 5584
5882 51 5592 5590
5910 51 5586 5586
5912 51 5588 5586
5896 51 5568 5568
5892 51 5604 5602
6148 51 5570 5570
6150 51 5572 5570
5814 51 5776 5776
5808 51 5778 5778
5810 51 5780 5778
6202 51 5462 5462
6208 51 5460 5460
6204 51 5464 5462
6196 51 5466 5466
6198 51 5468 5466
5788 51 5782 5782
5798 51 5770 5770
5794 51 5488 5488
5790 51 5784 5782
5818 51 5490 5490
5820 51 5492 5490
5804 51 5472 5472
5800 51 5772 5770
6190 51 5474 5474
6192 51 5476 5474
6228 51 5444 5444
6222 51 5446 5446
6224 51 5448 5446
5952 51 5516 5516
5946 51 5518 5518
5948 51 5520 5518
5968 51 5506 5506
5984 51 5496 5496
5978 51 5498 5498
5980 51 5500 5498
5974 51 5504 5504
5970 51 5508 5506
5956 51 5510 5510
5958 51 5512 5510
5830 51 5480 5480
5824 51 5482 5482
5826 51 5484 5482
6218 51 5452 5452
6212 51 5454 5454
6214 51 5456 5454
5932 51 5532 5532
5926 51 5534 5534
5928 51 5536 5534
5942 51 5524 5524
5936 51 5526 5526
5938 51 5528 5526
6004 51 5758 5758
6010 51 5756 5756
6006 51 5760 5758
5998 51 5766 5766
6000 51 5768 5766
6056 51 5628 5628
6050 51 5630 5630
6052 51 5632 5630
5860 51 5636 5636
5854 51 5638 5638
5856 51 5640 5638
5834 51 5618 5618
5844 51 5646 5646
5876 51 5608 5608
5870 51 5610 5610
5872 51 5612 5610
5994 51 5748 5748
5988 51 5750 5750
5990 51 5752 5750
5840 51 5616 5616
5836 51 5620 5618
5864 51 5622 5622
5866 51 5624 5622
5850 51 5644 5644
5846 51 5648 5646
5962 51 5762 5762
5964 51 5764 5762
6504 50 6082 6086
6508 50 6082 6080
6500 50 6092 6090
6492 50 6062 6066
6496 50 6062 6060
6512 50 6072 6076
6516 50 6072 6070
6460 50 6118 6122
6464 50 6118 6116
6444 50 6140 6138
6440 50 6140 6144
6448 50 6134 6132
6476 50 6098 6102
6480 50 6098 6096
6468 50 6108 6112
6472 50 6108 6106
6456 50 6128 6126
6524 50 6036 6040
6528 50 6036 6034
6488 50 6046 6044
6484 50 6016 6020
6520 50 6016 6014
6452 50 6026 6030
6532 50 6026 6024
6348 50 6162 6160
6344 50 6162 6166
6352 50 6156 6154
6328 50 6182 6186
6332 50 6182 6180
6384 50 5902 5906
6388 50 5902 5900
6380 50 5882 5880
6392 50 5892 5890
6364 50 5918 5922
6368 50 5918 5916
6336 50 6172 6176
6340 50 6172 6170
6372 50 5882 5886
6376 50 5912 5910
6356 50 5892 5896
6360 50 6150 6148
6564 50 5810 5814
6568 50 5810 5808
6252 50 6204 6202
6248 50 6204 6208
6256 50 6198 6196
6572 50 5790 5788
6560 50 5800 5798
6276 50 5790 5794
6280 50 5820 5818
6260 50 5800 5804
6264 50 6192 6190
6232 50 6224 6228
6236 50 6224 6222
6304 50 5948 5952
6308 50 5948 5946
6296 50 5970 5968
6284 50 5980 5984
6288 50 5980 5978
6292 50 5970 5974
6300 50 5958 5956
6268 50 5826 5830
6272 50 5826 5824
6240 50 6214 6218
6244 50 6214 6212
6320 50 5928 5932
6324 50 5928 5926
6312 50 5938 5942
6316 50 5938 5936
6548 50 6006 6004
6544 50 6006 6010
6556 50 6000 5998
6416 50 6052 6056
6420 50 6052 6050
6424 50 5856 5860
6428 50 5856 5854
6408 50 5836 5834
6436 50 5846 5844
6396 50 5872 5876
6400 50 5872 5870
6536 50 5990 5994
6540 50 5990 5988
6404 50 5836 5840
6412 50 5866 5864
6432 50 5846 5850
6552 50 5964 5962
6690 49 6508 6504
6692 49 6500 6492
6682 49 6496 6492
6686 49 6516 6512
6704 49 6464 6460
6712 49 6444 6440
6710 49 6448 6440
6696 49 6480 6476
6700 49 6472 6468
6706 49 6456 6452
6672 49 6528 6524
6674 49 6488 6484
6664 49 6520 6484
6668 49 6532 6452
6720 49 6348 6344
6718 49 6352 6344
6728 49 6332 6328
6620 49 6388 6384
6612 49 6380 6372
6616 49 6392 6356
6626 49 6368 6364
6724 49 6340 6336
6622 49 6376 6372
6714 49 6360 6356
6584 49 6568 6564
6736 49 6252 6248
6734 49 6256 6248
6576 49 6572 6276
6580 49 6560 6260
6586 49 6280 6276
6730 49 6264 6260
6744 49 6236 6232
6638 49 6308 6304
6646 49 6296 6292
6650 49 6288 6284
6642 49 6300 6292
6590 49 6272 6268
6740 49 6244 6240
6630 49 6324 6320
6634 49 6316 6312
6660 49 6548 6544
6658 49 6556 6544
6678 49 6420 6416
6602 49 6428 6424
6594 49 6408 6404
6598 49 6436 6432
6608 49 6400 6396
6654 49 6540 6536
6604 49 6412 6404
6644 49 6552 6432
6868 48 6686 6690
6864 48 B 6692
6862 48 B 6682
6870 48 6686 6682
6856 48 6700 6704
6840 48 6668 6712
6848 48 6706 6710
6858 48 B 6696
6860 48 6700 6696
6852 48 6706 6674
6874 48 6668 6672
6850 48 B 6674
6842 48 B 6664
6844 48 6668 6664
6812 48 6616 6720
6820 48 6714 6718
6804 48 6724 6728
6828 48 6616 6620
6814 48 B 6612
6816 48 6616 6612
6806 48 B 6626
6808 48 6724 6626
6822 48 B 6622
6824 48 6714 6622
6886 48 6580 6584
6756 48 6580 6736
6764 48 6730 6734
6758 48 B 6576
6760 48 6580 6576
6766 48 B 6586
6768 48 6730 6586
6748 48 6740 6744
6796 48 6634 6638
6780 48 6598 6646
6772 48 6654 6650
6788 48 6644 6642
6750 48 B 6590
6752 48 6740 6590
6798 48 B 6630
6800 48 6634 6630
6878 48 6598 6660
6882 48 6644 6658
6832 48 6654 6678
6836 48 6598 6602
6782 48 B 6594
6784 48 6598 6594
6774 48 B 6608
6776 48 6654 6608
6790 48 B 6604
6792 48 6644 6604
6976 47 6870 6868
6978 47 B 6864
6970 47 B 6862
6972 47 6870 6862
6988 47 6860 6856
6996 47 6844 6840
6992 47 6852 6848
6982 47 B 6858
6984 47 6860 6858
6980 47 6852 6850
6962 47 6844 6874
6964 47 B 6850
6956 47 B 6842
6958 47 6844 6842
7008 47 6816 6812
7004 47 6824 6820
7012 47 6808 6804
6918 47 6816 6828
6912 47 B 6814
6914 47 6816 6814
6922 47 B 6806
7000 47 6808 6806
6920 47 B 6822
6998 47 6824 6822
6894 47 6760 6886
7024 47 6760 6756
7020 47 6768 6764
6888 47 B 6758
6890 47 6760 6758
6896 47 B 6766
7014 47 6768 6766
7028 47 6752 6748
6932 47 6800 6796
6940 47 6784 6780
6944 47 6776 6772
6936 47 6792 6788
6898 47 B 6750
7016 47 6752 6750
6924 47 B 6798
6926 47 6800 6798
6954 47 6784 6878
6950 47 6792 6882
6968 47 6776 6832
6906 47 6784 6836
6900 47 B 6782
6902 47 6784 6782
6910 47 B 6774
6946 47 6776 6774
6908 47 B 6790
6928 47 6792 6790
7142 46 6972 6976
7136 46 B 6970
7138 46 B 6978
7144 46 6972 6970
7126 46 6984 6988
7118 46 6958 6996
7122 46 6980 6992
7130 46 6984 6982
7134 46 6980 6964
7150 46 6958 6962
7146 46 B 6956
7132 46 B 6964
7152 46 6958 6956
7076 46 6914 7008
7080 46 6998 7004
7072 46 7000 7012
7094 46 6914 6918
7090 46 B 6912
7082 46 B 6922
7086 46 B 6920
7096 46 6914 6912
7084 46 7000 6922
7088 46 6998 6920
7168 46 6890 6894
7164 46 B 6888
7042 46 B 6898
7046 46 B 6896
7036 46 6890 7024
7040 46 7014 7020
7170 46 6890 6888
7048 46 7014 6896
7032 46 7016 7028
7064 46 6926 6932
7056 46 6902 6940
7052 46 6946 6944
7060 46 6928 6936
7044 46 7016 6898
7068 46 6926 6924
7156 46 6902 6954
7160 46 6928 6950
7106 46 6946 6968
7110 46 6902 6906
7100 46 B 6900
7098 46 B 6910
7102 46 B 6908
7114 46 6902 6900
7112 46 6946 6910
7162 46 6928 6908
7240 45 7142 7072
7244 45 7136 7082
7242 45 7138 7082
7238 45 7144 7084
7250 45 7126 7032
7254 45 7118 7052
7252 45 7122 7052
7248 45 7130 7044
7246 45 7134 7112
7232 45 7150 7106
7236 45 7146 7098
7234 45 7132 7098
7230 45 7152 7112
7260 45 7076 7072
7258 45 7080 7072
7206 45 7094 7072
7212 45 7090 7082
7210 45 7086 7082
7202 45 7096 7084
7256 45 7088 7084
7178 45 7168 7032
7184 45 7164 7042
7182 45 7046 7042
7266 45 7036 7032
7264 45 7040 7032
7174 45 7170 7044
7262 45 7048 7044
7218 45 7064 7032
7224 45 7056 7052
7222 45 7060 7052
7214 45 7068 7044
7228 45 7156 7106
7226 45 7160 7106
7192 45 7110 7106
7198 45 7100 7098
7196 45 7102 7098
7188 45 7114 7112
7216 45 7162 7112
7354 44 7242 7240
7348 44 B 7244
7350 44 7242 7244
7356 44 B 7238
7338 44 7252 7250
7332 44 B 7254
7334 44 7252 7254
7342 44 7246 7248
7346 44 7246 7230
7364 44 7234 7232
7358 44 B 7236
7360 44 7234 7236
7344 44 B 7230
7306 44 7258 7072
7300 44 B 7260
7302 44 7258 7260
7310 44 7256 7084
7322 44 7210 7206
7316 44 B 7212
7318 44 7210 7212
7312 44 B 7202
7314 44 7256 7202
7384 44 7182 7178
7378 44 B 7184
7380 44 7182 7184
7274 44 7264 7032
7268 44 B 7266
7270 44 7264 7266
7278 44 7262 7044
7280 44 B 7174
7282 44 7262 7174
7290 44 7222 7218
7284 44 B 7224
7286 44 7222 7224
7294 44 7216 7214
7372 44 7226 7106
7366 44 B 7228
7368 44 7226 7228
7376 44 7216 7112
7330 44 7196 7192
7324 44 B 7198
7326 44 7196 7198
7296 44 B 7188
7298 44 7216 7188
7462 43 7350 7354
7466 43 7350 7348
7458 43 B 7356
7474 43 7334 7338
7478 43 7334 7332
7470 43 7346 7342
7456 43 7346 7344
7450 43 7360 7364
7454 43 7360 7358
7446 43 B 7344
7486 43 7302 7306
7490 43 7302 7300
7482 43 7314 7310
7410 43 7318 7322
7414 43 7318 7316
7406 43 B 7312
7420 43 7314 7312
7390 43 7380 7384
7394 43 7380 7378
7386 43 B 7280
7498 43 7270 7274
7502 43 7270 7268
7494 43 7282 7278
7416 43 7282 7280
7428 43 7286 7290
7432 43 7286 7284
7424 43 7298 7294
7440 43 7368 7372
7444 43 7368 7366
7436 43 7298 7376
7400 43 7326 7330
7404 43 7326 7324
7396 43 B 7296
7418 43 7298 7296
7550 42 7466 7462
7552 42 B 7458
7542 42 7478 7474
7546 42 7456 7470
7570 42 7456 7446
7556 42 7454 7450
7558 42 B 7446
7578 42 B 7386
7532 42 B 7406
7522 42 7490 7486
7526 42 7420 7482
7530 42 7414 7410
7572 42 7420 7406
7576 42 7394 7390
7580 42 7416 7386
7506 42 7502 7498
7510 42 7416 7494
7514 42 7432 7428
7518 42 7418 7424
7538 42 B 7396
7562 42 7444 7440
7566 42 7418 7436
7536 42 7404 7400
7568 42 7418 7396
7616 41 7552 7550
7620 41 7546 7542
7612 41 7570 7556
7610 41 7558 7556
7584 41 7578 7576
7592 41 7532 7530
7624 41 7526 7522
7598 41 7572 7530
7594 41 7580 7576
7628 41 7510 7506
7602 41 7518 7514
7588 41 7538 7536
7606 41 7566 7562
7596 41 7568 7536
7652 40 7616 7610
7648 40 7620 7620
7664 40 7612 7612
7666 40 7610 7610
7676 40 7584 7584
7644 40 7592 7588
7640 40 7624 7606
7668 40 7598 7596
7672 40 7594 7594
7632 40 7628 7628
7636 40 7602 7602
7660 40 7588 7588
7654 40 7606 7606
7658 40 7596 7596
7702 39 7652 7640
7704 39 7648 7632
7700 39 7664 7654
7698 39 7666 7654
7680 39 7676 7632
7684 39 7644 7640
7692 39 7668 7640
7690 39 7672 7632
7696 39 7636 7632
7688 39 7660 7654
7694 39 7658 7654
7724 38 B 7702
7736 38 7700 7698
7722 38 7700 7704
7734 38 B 7698
7738 38 B 7680
7718 38 B 7684
7730 38 B 7688
7712 38 7692 7640
7742 38 7690 7680
7740 38 7692 7684
7708 38 7690 7632
7728 38 7694 7654
7716 38 7694 7696
7732 38 7694 7688
7768 37 7724 7722
7766 37 7736 7722
7762 37 7734 7722
7746 37 7738 7708
7750 37 7718 7716
7752 37 7730 7716
7770 37 7712 7708
7754 37 7742 7708
7756 37 7740 7716
7764 37 7728 7708
7758 37 7732 7716
7778 36 7750 7716
7782 36 7768 7722
7790 36 B 7766
7792 36 B 7762
7796 36 7750 7746
7788 36 B 7752
7774 36 7770 7708
7800 36 7756 7754
7784 36 B 7764
7786 36 B 7758
7832 35 7778 7778
7836 35 7782 7782
7828 35 7790 7790
7820 35 7792 7792
7804 35 7796 7796
7808 35 7788 7788
7840 35 7774 7774
7812 35 7800 7800
7824 35 7784 7784
7816 35 7786 7786
7874 34 7816 7816
7868 34 7820 7820
7864 34 7824 7824
7866 34 7808 7808
7848 34 7808 7832
7852 34 7820 7836
7860 34 B 7828
7862 34 B 7820
7872 34 7808 7804
7858 34 B 7808
7844 34 7824 7840
7878 34 7816 7812
7854 34 B 7824
7856 34 B 7816
7896 33 7874 7864
7898 33 7868 7864
7894 33 7866 7864
7904 33 7848 7844
7906 33 7852 7844
7902 33 7860 7854
7900 33 7862 7854
7882 33 7872 7844
7886 33 7858 7854
7888 33 7878 7844
7890 33 7856 7854
7934 32 7896 7888
7930 32 7898 7882
7932 32 7864 7844
7928 32 7894 7882
7910 32 7904 7844
7912 32 7906 7844
7924 32 7902 7888
7926 32 7900 7882
7914 32 7854 7844
7922 32 7886 7882
7918 32 7890 7888
7992 31 7934 7932
7994 31 7934 7928
7978 31 7930 7930
7968 31 B 7932
7970 31 7932 7932
7976 31 B 7930
7980 31 7928 7932
7972 31 B 7928
7974 31 7928 7928
7990 31 7922 7910
7988 31 7926 7912
7962 31 7910 7844
7954 31 B 7910
7956 31 7910 7910
7958 31 B 7912
7960 31 7912 7912
7950 31 B 7844
7952 31 7844 7844
7986 31 7882 7844
7984 31 7882 7882
8004 31 7918 7910
8002 31 7924 7912
7996 31 7888 7844
7982 31 B 7882
7998 31 7888 7882
8000 31 7924 7926
7946 31 7926 7926
7936 31 B 7914
7938 31 7914 7914
7948 31 7922 7914
7942 31 7922 7922
7944 31 B 7926
7964 31 7918 7914
7940 31 B 7922
7966 31 7918 7922
8118 30 7994 7992
8114 30 7994 7972
8122 30 7978 7930
8104 30 B 7968
8106 30 7978 7976
8126 30 7970 7932
8112 30 7970 7968
8096 30 7974 7928
8102 30 B 7976
8110 30 7974 7980
8098 30 B 7972
8100 30 7974 7972
8058 30 7942 7990
8064 30 7946 7988
8022 30 7956 7910
8010 30 B 7954
8132 30 7960 7912
8006 30 B 7950
8018 30 7956 7962
8014 30 7956 7954
8012 30 B 7958
8128 30 7960 7958
8136 30 7952 7844
8008 30 7952 7950
8076 30 7984 7882
8072 30 7984 7986
8068 30 7984 7982
8030 30 7966 8004
8038 30 8000 8002
8054 30 7998 7996
8044 30 B 7982
8046 30 7998 7982
8042 30 8000 7944
8088 30 7946 7926
8024 30 B 7936
8066 30 7946 7944
8092 30 7938 7914
8026 30 7938 7936
8084 30 7942 7922
8080 30 7942 7948
8060 30 7942 7940
8040 30 B 7944
8050 30 7966 7964
8032 30 B 7940
8034 30 7966 7940
8240 29 8114 8118
8242 29 8114 8098
8204 29 8106 8122
8244 29 B 8104
8246 29 8112 8104
8248 29 8106 8102
8196 29 8112 8126
8200 29 8100 8096
8214 29 B 8102
8210 29 B 8098
8208 29 8100 8110
8212 29 8100 8098
8236 29 8060 8058
8232 29 8066 8064
8166 29 8014 8022
8176 29 B 8010
8178 29 8014 8010
8170 29 8128 8132
8266 29 B 8006
8268 29 8008 8006
8180 29 B 8012
8174 29 8014 8018
8182 29 8128 8012
8162 29 8008 8136
8218 29 8068 8076
8222 29 8068 8072
8226 29 8068 8044
8264 29 8034 8030
8260 29 8042 8038
8224 29 B 8044
8252 29 8046 8054
8254 29 8046 8044
8256 29 8042 8040
8148 29 8066 8088
8190 29 B 8024
8192 29 8026 8024
8228 29 8066 8040
8140 29 8026 8092
8144 29 8060 8084
8152 29 8060 8080
8156 29 8060 8032
8158 29 B 8040
8154 29 B 8032
8186 29 8034 8050
8188 29 8034 8032
8360 28 8214 8240
8358 28 8210 8240
8362 28 8242 8240
8364 28 8204 8196
8350 28 8244 8196
8354 28 8246 8196
8352 28 8248 8208
8340 28 8200 8196
8348 28 8214 8208
8346 28 8210 8208
8344 28 8212 8208
8314 28 8236 8222
8322 28 8232 8222
8284 28 8166 8162
8278 28 8176 8174
8282 28 8178 8174
8368 28 8170 8162
8272 28 8266 8162
8274 28 8268 8162
8280 28 8180 8174
8366 28 8182 8174
8330 28 8218 8162
8328 28 8224 8222
8326 28 8226 8222
8294 28 8264 8252
8302 28 8260 8252
8310 28 8224 8252
8306 28 8254 8252
8304 28 8256 8186
8336 28 8148 8140
8288 28 8190 8140
8290 28 8192 8140
8332 28 8158 8152
8324 28 8228 8152
8334 28 8144 8140
8320 28 8154 8152
8318 28 8156 8152
8308 28 8158 8186
8300 28 8154 8186
8298 28 8188 8186
8484 27 B 8350
8480 27 8362 8240
8482 27 B 8360
8474 27 B 8358
8476 27 8362 8358
8438 27 8354 8196
8442 27 8352 8364
8486 27 8354 8350
8488 27 8352 8348
8434 27 8344 8340
8450 27 8344 8208
8452 27 B 8348
8444 27 B 8346
8446 27 8344 8346
8508 27 B 8272
8410 27 8282 8174
8404 27 B 8278
8412 27 B 8280
8426 27 B 8288
8472 27 8318 8314
8464 27 8326 8222
8468 27 8324 8322
8458 27 B 8328
8386 27 8318 8152
8388 27 B 8332
8382 27 B 8320
8394 27 8282 8284
8406 27 8282 8278
8398 27 8274 8162
8402 27 8366 8368
8510 27 8274 8272
8414 27 8366 8280
8456 27 8326 8330
8460 27 8326 8328
8506 27 8298 8294
8498 27 8306 8252
8502 27 8304 8302
8490 27 B 8310
8492 27 8306 8310
8494 27 8304 8308
8376 27 8290 8140
8380 27 8324 8336
8428 27 8290 8288
8430 27 8324 8332
8372 27 8318 8334
8390 27 8318 8320
8422 27 8298 8186
8424 27 B 8308
8416 27 B 8300
8418 27 8298 8300
8626 26 8452 8484
8634 26 8482 8474
8638 26 8482 8480
8632 26 B 8474
8640 26 B 8476
8610 26 8442 8434
8614 26 8488 8446
8644 26 8442 8438
8630 26 8488 8486
8608 26 B 8434
8622 26 8452 8444
8618 26 8452 8450
8620 26 B 8444
8612 26 B 8446
8514 26 8412 8508
8526 26 8412 8410
8520 26 B 8404
8522 26 8412 8404
8534 26 8388 8426
8568 26 B 8472
8570 26 8468 8472
8578 26 8468 8464
8586 26 8388 8458
8594 26 8388 8382
8598 26 8388 8386
8592 26 B 8382
8530 26 B 8394
8528 26 B 8406
8648 26 8402 8394
8646 26 8414 8406
8652 26 8402 8398
8518 26 8414 8510
8590 26 8380 8456
8582 26 8430 8460
8540 26 B 8506
8542 26 8502 8506
8550 26 8502 8498
8558 26 8424 8490
8554 26 8494 8492
8546 26 8494 8418
8602 26 8380 8372
8574 26 8430 8390
8606 26 8380 8376
8538 26 8430 8428
8600 26 B 8372
8572 26 B 8390
8562 26 8424 8416
8566 26 8424 8422
8560 26 B 8416
8544 26 B 8418
8764 25 B 8626
8766 25 8630 8626
8768 25 8614 8622
8762 25 B 8634
8760 25 8640 8638
8754 25 B 8632
8756 25 8640 8632
8772 25 8614 8610
8722 25 8630 8644
8718 25 8612 8608
8732 25 B 8622
8730 25 8612 8618
8724 25 B 8620
8726 25 8612 8620
8792 25 B 8514
8794 25 8518 8514
8690 25 B 8520
8696 25 8528 8526
8698 25 B 8522
8692 25 8528 8520
8700 25 8646 8522
8712 25 B 8534
8714 25 8538 8534
8748 25 8572 8568
8752 25 8574 8570
8744 25 8582 8578
8738 25 B 8586
8740 25 8582 8586
8676 25 8574 8594
8674 25 B 8594
8672 25 8572 8598
8666 25 B 8592
8668 25 8572 8592
8680 25 8528 8530
8688 25 8646 8648
8684 25 8518 8652
8736 25 8582 8590
8786 25 8544 8540
8790 25 8546 8542
8782 25 8554 8550
8776 25 B 8558
8778 25 8554 8558
8774 25 8546 8562
8664 25 8574 8602
8660 25 8538 8606
8656 25 8572 8600
8710 25 B 8562
8708 25 8544 8566
8702 25 B 8560
8704 25 8544 8560
8986 24 8764 8764
8978 24 8764 8722
8982 24 8766 8766
8974 24 8768 8726
8996 24 8760 8760
8990 24 8762 8760
8994 24 8762 8754
9004 24 8754 8754
8998 24 8754 8760
9002 24 8756 8756
8960 24 8722 8722
8962 24 8772 8722
8966 24 8772 8718
8968 24 8718 8722
8970 24 8718 8718
8946 24 8730 8730
8972 24 8732 8730
8976 24 8732 8724
8956 24 8724 8724
8948 24 8724 8730
8952 24 8726 8726
8828 24 8680 8684
8832 24 8680 8680
8818 24 8696 8696
8826 24 8690 8690
8820 24 8690 8696
8824 24 8692 8692
8808 24 8792 8792
8800 24 8792 8684
8804 24 8794 8794
8816 24 8698 8690
8812 24 8698 8696
9006 24 8700 8692
8846 24 8712 8712
8838 24 8712 8660
8842 24 8714 8714
8894 24 8744 8744
8888 24 8752 8744
8892 24 8752 8748
8904 24 8738 8738
8896 24 8738 8744
8900 24 8740 8740
8936 24 8676 8668
8920 24 8672 8672
8914 24 8674 8672
8918 24 8674 8666
8928 24 8666 8666
8922 24 8666 8672
8926 24 8668 8668
8798 24 8684 8684
9008 24 8688 8684
9010 24 8688 8680
8906 24 8736 8684
8910 24 8736 8736
8856 24 8782 8782
8850 24 8790 8782
8854 24 8790 8786
8866 24 8776 8776
8858 24 8776 8782
8862 24 8778 8778
8938 24 8774 8704
8836 24 8660 8660
8940 24 8664 8660
8942 24 8664 8656
8930 24 8656 8660
8934 24 8656 8656
8876 24 8708 8708
8870 24 8710 8708
8874 24 8710 8702
8884 24 8702 8702
8878 24 8702 8708
8882 24 8704 8704
9136 23 8986 8978
9138 23 8982 8978
9140 23 8974 8972
9128 23 8996 8760
9132 23 8994 8990
9122 23 9004 8998
9124 23 9002 8998
9148 23 8960 8722
9144 23 8966 8962
9086 23 8970 8968
9096 23 8946 8730
9100 23 8976 8972
9090 23 8956 8948
9092 23 8952 8948
9038 23 8832 8828
9058 23 8818 8696
9046 23 8826 8820
9048 23 8824 8820
9168 23 8808 8800
9170 23 8804 8800
9052 23 8816 8812
9054 23 9006 8812
9076 23 8846 8838
9078 23 8842 8838
9114 23 8894 8744
9118 23 8892 8888
9108 23 8904 8896
9110 23 8900 8896
9030 23 8936 8914
9034 23 8920 8672
9028 23 8918 8914
9022 23 8928 8922
9024 23 8926 8922
9174 23 8798 8684
9042 23 9010 9008
9104 23 8910 8906
9160 23 8856 8782
9164 23 8854 8850
9154 23 8866 8858
9156 23 8862 8858
9150 23 8938 8870
9082 23 8836 8660
9018 23 8942 8940
9014 23 8934 8930
9068 23 8876 8708
9072 23 8874 8870
9062 23 8884 8878
9064 23 8882 8878
9316 22 9136 9136
9318 22 9138 9136
9312 22 9140 9100
9326 22 9128 9128
9322 22 9132 9132
9330 22 9122 9122
9332 22 9124 9122
9302 22 9148 9148
9306 22 9144 9144
9310 22 9086 9086
9292 22 9096 9096
9288 22 9100 9100
9296 22 9090 9090
9298 22 9092 9090
9202 22 9038 9038
9192 22 9058 9058
9196 22 9046 9046
9198 22 9048 9046
9182 22 9168 9168
9184 22 9170 9168
9188 22 9052 9052
9334 22 9054 9052
9210 22 9076 9076
9212 22 9078 9076
9248 22 9114 9114
9244 22 9118 9118
9252 22 9108 9108
9254 22 9110 9108
9278 22 9030 9028
9266 22 9034 9034
9262 22 9028 9028
9270 22 9022 9022
9272 22 9024 9022
9178 22 9174 9174
9338 22 9042 9042
9258 22 9104 9104
9220 22 9160 9160
9216 22 9164 9164
9224 22 9154 9154
9226 22 9156 9154
9280 22 9150 9072
9206 22 9082 9082
9284 22 9018 9018
9276 22 9014 9014
9234 22 9068 9068
9230 22 9072 9072
9238 22 9062 9062
9240 22 9064 9062
9450 21 9318 9316
9452 21 9312 9288
9442 21 9326 9326
9446 21 9322 9322
9438 21 9332 9330
9460 21 9302 9302
9456 21 9306 9306
9406 21 9310 9310
9414 21 9292 9292
9418 21 9288 9288
9410 21 9298 9296
9364 21 9202 9202
9380 21 9192 9192
9382 21 9188 9188
9372 21 9198 9196
9478 21 9184 9182
9376 21 9334 9188
9398 21 9212 9210
9430 21 9248 9248
9434 21 9244 9244
9426 21 9254 9252
9354 21 9278 9262
9358 21 9266 9266
9360 21 9262 9262
9350 21 9272 9270
9482 21 9178 9178
9368 21 9338 9338
9422 21 9258 9258
9470 21 9220 9220
9474 21 9216 9216
9466 21 9226 9224
9462 21 9280 9230
9402 21 9206 9206
9346 21 9284 9284
9342 21 9276 9276
9390 21 9234 9234
9394 21 9230 9230
9386 21 9240 9238
9498 20 B 9364
9496 20 B 9372
9566 20 9452 9450
9562 20 9456 9406
9554 20 9452 9410
9570 20 9446 9442
9572 20 B 9438
9558 20 9456 9460
9560 20 B 9406
9550 20 9418 9414
9552 20 B 9410
9576 20 9368 9364
9494 20 9382 9380
9574 20 9376 9372
9490 20 9376 9478
9506 20 9354 9398
9542 20 9354 9350
9546 20 9346 9342
9544 20 9462 9386
9524 20 9434 9430
9528 20 9354 9426
9536 20 9360 9358
9538 20 B 9350
9486 20 9368 9482
9532 20 9346 9422
9510 20 9474 9470
9514 20 9462 9466
9502 20 9346 9402
9540 20 B 9342
9518 20 9394 9390
9520 20 B 9386
9634 19 9498 9486
9636 19 9496 9494
9622 19 9566 9558
9624 19 9562 9558
9626 19 9554 9550
9620 19 9572 9570
9606 19 9560 9558
9610 19 9552 9550
9592 19 9576 9486
9596 19 9574 9494
9638 19 9490 9486
9602 19 9506 9502
9584 19 9542 9536
9580 19 9546 9502
9628 19 9544 9518
9616 19 9528 9524
9588 19 9538 9536
9612 19 9532 9486
9632 19 9514 9510
9586 19 9540 9502
9600 19 9520 9518
9646 18 9636 9634
9676 18 9622 9558
9672 18 9626 9624
9680 18 9620 9606
9682 18 9610 9606
9686 18 9596 9592
9642 18 9638 9486
9650 18 9602 9502
9666 18 9584 9580
9668 18 9628 9580
9660 18 9616 9612
9662 18 9588 9586
9654 18 9632 9612
9658 18 9600 9586
9714 17 9646 9642
9708 17 9676 9642
9710 17 9672 9660
9706 17 9680 9654
9704 17 9682 9660
9696 17 9686 9642
9702 17 9650 9642
9690 17 9666 9660
9712 17 9668 9654
9692 17 9662 9660
9700 17 9658 9654
9716 16 B 9714
9736 16 9710 9708
9738 16 B 9706
9740 16 B 9704
9744 16 9696 9642
9720 16 9690 9702
9728 16 9690 9660
9732 16 9712 9654
9724 16 B 9692
9722 16 B 9700
9784 15 9716 9716
9776 15 9736 9736
9772 15 9738 9738
9768 15 9740 9740
9756 15 9744 9744
9764 15 9720 9720
9748 15 9728 9728
9780 15 9732 9732
9752 15 9724 9724
9760 15 9722 9722
9786 14 B 9784
9798 14 B 9776
9800 14 B 9772
9802 14 B 9768
9804 14 B 9756
9790 14 B 9764
9794 14 B 9748
9796 14 B 9780
9792 14 B 9752
9788 14 B 9760
9808 13 B 9792
9830 13 9788 9786
9822 13 9800 9798
9806 13 B 9794
9818 13 B 9802
9812 13 9796 9804
9816 13 9788 9790
9824 13 9796 9794
9826 13 9788 9792
9840 12 9808 9806
9834 12 9830 9812
9846 12 9822 9812
9848 12 9818 9806
9836 12 9816 9812
9844 12 9826 9824
9852 11 9840 9836
9862 11 9834 9812
9856 11 9848 9846
9858 11 9844 9836
9872 10 9856 9852
9868 10 B 9852
9866 10 9856 9862
9870 10 B 9858
9876 9 9872 9866
9880 9 9868 9866
9878 9 9870 9866
9884 8 9876 9880
9890 8 9876 9866
9882 8 B 9880
9886 8 B 9878
9900 7 B 9884
9896 7 B 9882
9894 7 9886 9890
9898 7 9886 9882
9904 6 9900 9894
9906 6 9896 9894
9908 6 9898 9894
9918 5 9904 9894
9914 5 9904 9906
9910 5 B 9906
9912 5 B 9908
9924 4 9912 9918
9926 4 B 9914
9920 4 B 9910
9928 4 9912 9910
9934 3 9926 9924
9936 3 B 9920
9930 3 B 9928
9940 2 9936 9934
9944 2 9930 9930
9948 1 9944 9940
.
