1 2 0.0000000000
1 4 0.0000000000
1 69 0.0751221748
1 50 0.4457698913
1 55 0.1069992103
1 24 0.3010959266
2 33 0.4114440426
2 4 0.0000000000
2 7 0.0176031421
2 49 0.0935408417
2 59 0.0000000000
2 63 0.3864562604
3 4 0.0969241866
3 61 0.0370496149
4 6 0.0351834543
4 46 0.0000000000
4 47 0.2483870000
4 23 0.3010959266
4 62 0.3864562604
5 6 0.0318188290
5 8 0.0641688751
6 11 0.0386028797
6 55 0.0718792050
7 52 0.0000000000
8 52 0.0471632927
9 66 0.0000000000
9 37 0.2361436982
9 38 0.0000000000
9 10 0.0512487621
9 30 0.1068190024
9 63 0.3614247383
10 27 0.0258951295
11 51 0.0351263094
11 12 0.0450927930
13 33 1.0000000000
13 16 0.1458993359
13 30 0.1784690510
13 62 0.6329287853
13 14 0.0531298658
14 41 0.9763974549
14 44 0.1326012124
14 30 0.1884548100
15 31 0.1086612640
15 32 0.1759830478
16 43 0.2085860791
16 44 0.0000000000
17 18 0.0358653148
17 62 0.2365259322
17 23 0.2322960287
17 40 0.0585359103
18 26 0.0771441136
19 20 0.0129010881
19 21 0.0552725595
19 47 0.1580066379
19 24 0.1577416510
21 22 0.0387807483
22 23 0.0710799664
23 24 0.0000000000
23 25 0.1321343018
23 62 0.4239624699
25 26 0.0699749044
26 39 0.0398395950
27 62 0.3031658219
27 30 0.1583005446
28 36 0.0522663044
28 37 0.0495496585
28 62 0.0835526589
29 33 0.0000000000
31 57 0.1054342765
32 45 0.0397689364
34 41 0.0000000000
35 36 0.0201397973
35 63 0.0273303930
40 42 0.0498511521
42 64 0.1364382807
43 57 0.0777953422
43 45 0.2331272924
44 57 0.1674902084
44 63 0.7772078836
47 48 0.0405845276
48 54 0.1066391778
49 51 0.0277356307
50 51 0.5224672034
53 55 0.0678587765
54 55 0.0461077974
55 56 0.0174835310
58 65 0.2848422556
58 67 0.4097789950
60 68 0.0281555172
60 61 0.0476278159
62 63 0.0000000000
62 64 0.0000000000
63 64 0.0000000000
64 65 0.1281968985
67 68 0.0296933319
68 69 0.0794275297
