1 59.91273 10.74609
2 59.91273 10.74609
3 60.79574 10.69155
4 59.91273 10.74609
5 59.66858 9.65017
6 59.74389 10.20449
7 59.98333 11.03333
8 60.16804 10.25647
9 66.31278 14.14278
10 66.19672 13.02133
11 59.41111 10.43
12 59.05328 10.03517
13 68.43838 17.4272
14 68.79833 16.54165
15 69.47187 25.51122
16 69.6489 18.95508
17 62.47225 6.15492
18 62.14762 6.07408
19 58.97005 5.73332
20 58.85244 5.73521
21 59.41378 5.268
22 59.75 5.48333
23 60.39299 5.32415
24 60.39299 5.32415
25 61.22829 7.10026
26 61.45217 5.85717
27 66.02166 12.63158
28 64.01487 11.49537
29 59.33258 18.0649
30 67.28 14.40501
31 69.01247 23.04116
32 69.72706 30.04578
33 59.33258 18.0649
34 70.9221 -8.7187
35 63.41667 10.95
36 63.6 10.96667
37 64.46624 11.49572
38 66.31278 14.14278
39 61.77277 6.21496
40 62.73752 7.15912
41 70.9221 -8.7187
42 63.11045 7.72795
43 70.66336 23.68209
44 69.6489 18.95508
45 70.07436 29.74872
46 59.91273 10.74609
47 58.14671 7.9956
48 58.3405 8.59343
49 59.12478 11.38754
50 63.96667 10.2
51 59.2181 10.9298
52 59.98333 11.03333
53 59.73333 8.0
54 59.14054 9.6561
55 59.43333 9.06667
56 59.55936 9.25853
57 69.96887 23.27165
58 64.86667 11.11667
59 59.91273 10.74609
60 60.7945 11.06798
61 61.11514 10.46628
62 63.43049 10.39506
63 63.43049 10.39506
64 63.43049 10.39506
65 62.27594 10.78241
66 66.31278 14.14278
67 61.13484 11.36409
68 60.88191 11.56231
69 60.19049 11.99772
