1 2 0.0000000000
1 4 0.0000000000
1 69 76.2888835767
1 50 452.6930620401
1 55 108.6609955141
1 24 305.7721924445
2 33 417.8341048680
2 4 0.0000000000
2 7 17.8765332411
2 49 94.9936074803
2 59 0.0000000000
2 63 392.4582420300
3 4 98.4294984601
3 61 37.6250257138
4 6 35.7298821319
4 46 0.0000000000
4 47 252.2446531183
4 23 305.7721924445
4 62 392.4582420300
5 6 32.3130014155
5 8 65.1654701940
6 11 39.2024139465
6 55 72.9955477705
7 52 0.0000000000
8 52 47.8957772318
9 66 0.0000000000
9 37 239.8112028389
9 38 0.0000000000
9 10 52.0446973118
9 30 108.4779888222
9 63 367.0379599514
10 27 26.2973020571
11 51 35.6718496691
11 12 45.7931208855
13 33 1015.5308173829
13 16 148.1652718745
13 30 181.2408212059
13 62 642.7586867217
13 14 53.9550160830
14 41 991.5617055027
14 44 134.6606176122
14 30 191.3816672324
15 31 110.3488622377
15 32 178.7162084045
16 43 211.8255914432
16 44 0.0000000000
17 18 36.4223324373
17 62 240.1993732648
17 23 235.9037758554
17 40 59.4450208722
18 26 78.3422247630
19 20 13.1014525060
19 21 56.1309875325
19 47 160.4606101442
19 24 160.1915077737
21 22 39.3830450296
22 23 72.1838964091
23 24 0.0000000000
23 25 134.1864555520
23 62 430.5469536287
25 26 71.0616718719
26 39 40.4583364735
27 62 307.8742349252
27 30 160.7590814502
28 36 53.0780428454
28 37 50.3192052367
28 62 84.8503000302
29 33 0.0000000000
31 57 107.0717570391
32 45 40.3865805045
34 41 0.0000000000
35 36 20.4525848047
35 63 27.7548563894
40 42 50.6253812570
42 64 138.5572787310
43 57 79.0035674947
43 45 236.7479498408
44 57 170.0914682167
44 63 789.2785573560
47 48 41.2148384454
48 54 108.2953713575
49 51 28.1663876912
50 51 530.5815461481
53 55 68.9126788108
54 55 46.8238891308
55 56 17.7550644810
58 65 289.2660886047
58 67 416.1431977066
60 68 28.5927953934
60 61 48.3675147832
62 63 0.0000000000
62 64 0.0000000000
63 64 0.0000000000
64 65 130.1879011661
67 68 30.1544936406
68 69 80.6611041122
