31 15
15 32
32 45
31 57
45 43
57 43
57 44
43 16
44 16
16 13
44 14
13 14
44 63
14 41
41 34
14 30
13 30
63 9
30 9
30 27
9 66
9 38
9 10
27 10
9 37
27 62
37 28
62 28
28 36
36 35
63 35
13 62
63 62
13 33
33 29
33 2
63 2
63 64
62 64
2 59
64 65
64 42
42 40
40 17
62 17
65 58
58 67
67 68
17 18
18 26
26 39
26 25
17 23
25 23
62 23
62 4
2 4
23 4
4 3
3 61
61 60
68 60
68 69
69 1
4 1
23 24
1 24
23 22
24 19
22 21
19 21
4 46
19 20
19 47
4 47
47 48
48 54
54 55
1 55
55 56
55 53
4 6
55 6
2 1
1 50
50 51
2 49
51 49
51 11
6 11
11 12
2 7
6 5
5 8
7 52
8 52
