1 2
1 4
1 69
1 50
1 55
1 24
2 33
2 4
2 7
2 49
2 59
2 63
3 4
3 61
4 6
4 46
4 47
4 23
4 62
5 6
5 8
6 11
6 55
7 52
8 52
9 66
9 37
9 38
9 10
9 30
9 63
10 27
11 51
11 12
13 33
13 16
13 30
13 62
13 14
14 41
14 44
14 30
15 31
15 32
16 43
16 44
17 18
17 62
17 23
17 40
18 26
19 20
19 21
19 47
19 24
21 22
22 23
23 24
23 25
23 62
25 26
26 39
27 62
27 30
28 36
28 37
28 62
29 33
31 57
32 45
34 41
35 36
35 63
40 42
42 64
43 57
43 45
44 57
44 63
47 48
48 54
49 51
50 51
53 55
54 55
55 56
58 65
58 67
60 68
60 61
62 63
62 64
63 64
64 65
67 68
68 69
